# distance=187597198
40281 -25277
27714 -23531
97623 56745
74670 14407
90463 41804
94375 48971
75343 16135
69667 80672
60607 82715
92851 46516
90480 41841
60490 82737
82652 79333
95177 76429
89753 78548
80489 79579
86016 79058
67498 81213
67437 81232
64101 81943
23946 90764
50973 85349
56186 83835
75433 80090
55278 84102
-29747 79993
-64305 82418
-61488 82119
-49375 80669
-55785 81163
-75780 82024
-30978 79848
-38473 79684
-33112 79636
5685 -19874
1624 -11452
2445 -14794
16019 -21264
13593 -21061
10480 -20537
3255 -16535
14523 -21137
1513 -9717
1757 -7088
87853 78887
86168 79043
100346 68010
99591 70803
99813 63609
79190 22121
74743 14568
73347 10973
175 -2575
37573 -25652
-1355 86219
6 86690
-45734 80320
71289 80442
99063 60114
91749 44598
98389 58252
83118 79268
51114 85299
47498 86490
31978 89797
-36963 79579
1212 87160
-15385 82247
-17806 81826
-38639 79696
-60510 81913
-68944 82613
-67829 82612
-9410 83373
-14937 82321
-4498 85000
41 -975
-77186 81725
-48896 80599
1415 -9386
76133 17881
35661 -25554
-83587 79860
-8631 83618
65739 81612
68666 80862
99765 70337
100184 67396
95667 52214
95588 76146
100395 68143
99709 63248
99893 64166
100005 69943
100431 68298
96184 75440
91261 43536
23872 90771
36835 -25632
38274 -25579
44078 -24735
20894 -22660
1406 -5548
401 -3153
1612 -5932
9325 -20154
6852 -19930
9473 -20230
6950 -19912
3750 -17585
5003 -19318
4171 -18401
5805 -19934
26196 -23484
38137 -25601
63202 -9120
74012 12660
70574 3551
100115 66159
99768 70318
98575 58629
96099 53166
99426 71880
4607 -18982
8262 -19434
4499 -18854
961 -4517
76508 18535
86797 33965
71532 6286
69616 1515
82956 26683
54232 -20116
45304 -24341
46197 -24027
46114 -24055
55190 -19380
13712 -21072
8997 -19901
18399 -21838
56282 -18403
53405 -20654
34381 -25191
33247 -24797
34022 -25050
57390 -17237
69707 1715
93394 77650
58668 -16058
62756 -9781
6715 -19946
4587 -18956
7663 -19419
7505 -19538
7396 -19695
3842 -17787
22584 -22958
73614 11595
100106 65967
99602 71042
99623 70597
100279 67821
99813 70224
91731 44556
97318 56094
62432 82269
41786 87981
40025 88086
36251 88993
35861 89093
-26557 80351
-16285 82106
16912 90858
-50395 80793
41 -1082
5858 -19955
16126 -21283
18190 -21759
15734 -21224
1865 -6712
143 -2465
2906 -15561
1850 -6522
1824 -6395
6 -210
1872 -13384
1483 -8152
1781 -7043
1702 -12390
1406 -9263
1592 -7794
1176 -5056
7723 -19414
692 -3987
1524 -9802
6064 -20011
6866 -19927
6386 -19989
6622 -19942
1303 -5355
13672 -21069
1764 -12735
1449 -9522
2935 -15626
1597 -7761
6792 -19942
4156 -18380
3002 -15838
7175 -19866
5392 -19649
3497 -17047
19584 -22294
34928 -25402
19646 91057
-6716 84218
40893 88021
44875 87329
44217 87542
52575 84825
65546 81653
69952 80635
59532 82938
61256 82562
93812 77455
8 -92
49912 -22178
37324 -25649
44838 -24502
43520 -24856
49366 -22408
46032 -24082
53116 -20807
43962 -24762
49759 -22241
51067 -21787
57805 -16860
61847 -11308
41913 -25115
45836 -24152
31436 -24198
31259 -24144
32229 -24454
36207 -25610
65466 -5562
62450 -10272
12076 90043
26522 90491
9714 89521
-26208 80425
-37364 79599
38756 -25522
12924 -20970
16425 -21321
17222 -21470
34308 -25163
61162 -12639
60307 -13983
59424 -15217
65722 -5101
62902 -9579
47395 -23435
47581 -23342
59050 -15670
61476 -12005
56803 -17826
30497 -23985
46315 -23980
68547 -35
58699 -16028
-16827 82015
-9759 83282
-51100 80851
-87670 79057
-59894 81769
-54253 81066
-6297 84356
5767 88605
27734 90399
33814 89510
63049 82125
66064 81545
47770 86390
46479 86818
39541 88155
39663 88136
56404 83775
72693 80326
76474 18479
83515 27717
59201 -15474
61213 -12551
1493 -9686
1772 -7058
31931 -24346
7375 -19723
7246 -19834
2469 -14835
1414 -9370
5729 -19897
-23 -617
26934 -23478
19792 -22367
13038 -20991
36417 -25619
56252 -18435
5696 88583
70287 80589
85301 79067
86662 78986
94529 76940
100125 66357
99186 72351
75215 80095
89162 78646
79292 79737
87822 78889
100022 69922
98435 73320
79960 79663
75377 80088
100111 66600
90922 78354
62679 82209
42930 87817
45996 86952
43762 87651
29346 90192
64187 -7495
82239 79377
97644 56786
98381 73373
99236 60899
100370 69417
99773 70298
99427 61857
89499 78584
86204 79038
98425 58319
97618 74091
99780 70277
1425 -8995
1650 -11936
7099 -19886
1485 -9657
8 -416
1508 -9713
5820 -19940
1485 -10576
1852 -6539
-38150 79659
-69366 82600
-65298 82457
-32472 79703
-42461 80138
-79293 81087
-73903 82330
-81472 80455
-86167 79299
-68306 82613
25880 -23462
88835 38136
96406 53912
93936 48134
76788 18982
51970 -21412
56160 -18527
69837 1992
76718 18870
-22875 81070
-27182 80253
-10040 83209
-55365 81139
3365 -16770
1589 -11111
16859 -21405
15394 -21197
19831 -22381
54155 -20170
-60036 81804
-81318 80485
-79837 80926
-80796 80625
-57502 81336
-13880 82462
-23649 80932
-21467 81323
815 86993
-18211 81751
-46789 80385
-919 86371
-19590 81570
-17065 81972
3836 -17765
11594 -20741
3772 -17627
233 -2734
1403 -9119
735 -4078
10454 -20532
1166 -5034
1662 -12069
-58451 81484
-67198 82590
-87789 79049
1130 -4944
3 -22
31654 -24262
18817 -22006
71842 7132
70928 4387
36082 -25603
39068 -25498
45956 -24110
35951 -25593
20323 -22530
78090 20777
21540 -22802
33461 -24859
54041 -20254
53682 -20493
17592 -21548
35 -1149
27 -1655
7 -102
1495 -10009
-2911 85601
-13643 82493
91997 78054
66949 81362
64040 81950
60963 82635
19572 91054
38831 88296
-9691 83301
-48493 80562
-72865 82452
1822 -6930
1650 -7562
14954 90516
-6507 84289
3247 87865
39162 88227
31703 89841
-71406 82578
-77005 81771
-54340 81071
-87170 79120
-84068 79727
1506 -9709
43601 -24838
43174 -24949
60683 -13404
59320 -15329
40799 -25199
39437 -25452
47322 -23475
42748 -25041
70137 2700
59128 -15570
60144 -14253
5950 -19989
40239 -25286
38498 -25551
39584 -25424
68225 -543
67192 -2301
31886 -24330
43048 -24982
29683 -23863
45914 -24123
59247 -15413
71684 6706
58257 -16450
62484 -10206
62695 -9868
69165 761
58 -2089
1855 -6569
-87848 79046
-8770 83571
13517 90292
-19669 81562
-3746 85279
-5239 84722
74509 14015
99527 62413
72058 7764
73234 10676
71786 6972
29351 -23808
33416 -24845
48470 -22880
2646 -15119
52323 -21233
53879 -20364
50982 -21816
59793 -14807
66803 -3026
63090 -9286
67284 -2141
71966 7507
80674 23851
81906 25155
100107 66012
94267 48734
16983 90866
3049 87798
-45592 80310
-46439 80360
-79403 81055
-67761 82612
-67550 82609
-64177 82413
-55617 81151
13389 -21042
13984 -21092
17799 -21612
-7 -510
55301 -19290
61275 -12430
64477 -7003
67939 -981
67720 -1363
64331 -7259
66150 -4294
83180 27094
86409 33239
93200 77721
7 -441
1452 -9533
15664 -21217
9834 -20369
10535 -20546
4973 -19299
9151 89403
-15983 82156
-4946 84833
-43105 80172
-28484 80121
11709 89973
32594 89695
25489 90597
24173 90743
-20618 81437
-86835 79171
-66708 82568
-3061 85543
42082 87956
47815 86374
79234 79743
100165 67321
79225 22162
100325 67955
96048 75609
95925 75769
76046 80082
63361 82058
74794 80109
91699 44468
100108 67045
85430 79065
74354 80156
46332 86859
8344 89234
3577 87969
-30584 79884
1681 -7366
-91614 78613
-78054 81475
-81370 80475
-81625 80422
6478 -19956
4764 -19174
60380 -13867
85671 32012
86510 33429
75697 17037
70745 3931
72800 9590
70194 2811
64946 -6296
51646 -21561
94481 49194
78945 79787
90602 78428
79686 79696
71848 80396
23284 90838
17629 90937
21763 90996
-44635 80254
-33759 79601
-41832 80085
-47476 80441
7570 -19475
3539 -17127
2943 -15647
-82639 80140
-41198 80008
-41911 80093
882 87018
-14111 82434
-38070 79653
-55869 81170
-59531 81692
-74863 82173
3924 -17951
1435 -8538
1657 -12003
1845 -6506
7462 -19601
526 -3559
-20 -575
85071 31119
82001 25284
69765 1829
-23722 80919
-22330 81179
-28560 80118
30221 90071
91446 78216
66005 -4551
87013 34368
36 -961
1855 -6794
5338 -19590
11917 -20810
4625 -19012
1842 -13198
3566 -17189
19949 -22424
4937 -19280
14023 -21096
25089 -23378
27958 -23553
42164 -25103
30947 -24063
32062 -24392
18273 -21790
14811 -21160
9227 -20094
5304 -19555
8610 -19613
8032 -19413
33061 89620
99997 64974
91544 78185
94239 77183
96510 75048
94717 76769
92848 77825
99595 70652
94420 77034
99869 70133
100094 69812
96301 75314
99414 71901
96390 75217
90824 78379
71737 80406
70947 80474
81223 79496
84316 79139
64723 81830
45902 86975
46187 86899
48638 86093
95653 76089
100217 69608
100453 68600
89015 38668
99928 64376
98104 57762
90768 42512
52346 84891
37089 88744
37754 88558
7700 89093
22216 90957
-14571 82374
36119 89027
62494 82254
85698 32057
1464 -8285
5481 -19734
20983 -22674
75022 15177
15941 90691
19943 91059
-42947 80164
-40271 79889
-36561 79564
35035 89272
86534 33479
98459 58387
93546 47572
74121 12969
76648 18758
69853 2034
71625 6552
7769 89110
-12178 82768
-21158 81358
3529 -17109
212 -2685
1525 -7991
89282 78622
88687 78740
85937 79058
77720 79929
66886 81376
98220 73532
100456 68950
100119 66315
100095 66805
85131 79069
84838 79087
93230 47117
84484 29880
74099 12907
85640 31969
86012 32571
83274 27263
57634 -17011
55801 -18871
50581 -21950
2663 -15144
-15 -534
1473 -10457
1494 -9994
26558 -23481
17633 -21559
16580 -21350
1658 -7504
6260 -20018
6965 -19910
5923 -19978
24299 -23218
1480 -10147
22196 -22906
1473 -10438
483 -3406
1023 -4692
-40779 79954
-63668 82381
-64982 82441
-66371 82546
1612 87315
8934 89355
8712 89307
-5166 84750
-4198 85105
7632 89075
72678 9318
36499 -25622
-12 -776
263 -2812
27814 -23541
30186 -23949
17511 -21528
1897 -13509
11108 -20679
1449 -8724
34587 -25276
77607 20171
6046 88682
25704 90571
35520 89170
5207 88451
27660 90406
44923 87308
95753 75983
100098 66691
84712 79100
90858 78370
59475 82951
9857 89552
76102 17825
75376 16247
73989 12598
90640 42199
97825 57151
95097 50612
100067 65582
84879 79083
45361 87137
-86612 79208
-66304 82539
-64370 82421
-69943 82585
-87059 79135
1632 -11738
1645 -7580
91971 45113
91433 43895
100457 69092
100261 69548
98868 72819
99592 70732
90280 78465
92480 77921
98583 73149
64534 81868
44049 87585
43109 87783
51796 85059
40773 88027
45460 87102
50294 85585
143 86738
-10252 83154
7346 89008
17774 90945
100048 65383
100195 67432
1404 -9228
625 -3819
194 -2639
8831 -19774
6605 -19943
3949 -17996
10970 -20651
99462 62008
87662 35540
84604 30171
90885 42768
9785 89537
60259 82786
89032 38713
95468 76241
99787 70257
97703 56908
96164 53311
91674 78146
90060 40985
97288 56015
98957 59684
96482 54109
69104 689
66700 -3255
56682 -17957
57177 -17445
77789 20406
86868 34100
81688 24865
97520 56534
100101 67007
99610 71132
99555 71578
100060 65461
99890 64132
100282 69527
100085 65738
91872 44895
95475 51676
91560 44167
71060 80463
69194 799
62595 -10017
61344 -12265
71360 5654
77864 20501
82033 25326
99612 71190
100455 68737
100169 67339
46282 86873
51598 85128
88412 37115
95456 51626
90311 41505
63823 -8100
78750 21626
62921 -9548
-24559 80777
-49726 80719
20761 -22634
72156 8026
77940 20595
73861 80233
31910 89809
50092 85656
-4 -839
44 -1015
1540 -9759
2322 -14570
1467 -9589
16698 -21372
8082 -19415
105 -2332
27204 -23490
30855 -24046
99232 60837
99562 71543
84375 29640
99615 71250
86313 79025
98746 72954
100451 68561
96351 53760
100360 69428
99320 61416
81330 79485
88713 78732
71316 5498
28865 90259
71344 80436
75412 16361
78233 20956
99924 64346
99531 62445
61230 -12520
75872 17373
92692 46272
73143 10443
-19 -562
-71904 82548
-23112 81030
-46091 80342
-45950 80332
-58762 81539
-35440 79571
-54509 81081
-12532 82692
64607 -6796
62574 -10048
62062 -10932
67611 -1556
82408 25826
70628 3676
50146 -22092
72215 8192
69554 80687
76908 80015
100202 69636
77316 79969
90382 78455
97949 73799
98327 73425
100455 69107
99904 70070
78208 79885
100365 68061
94618 76865
84583 79114
73375 80297
46235 86885
-59823 81754
-10470 83104
2544 -14970
5038 -19343
11 -1290
1639 -7600
1447 -5614
4260 -18528
1454 -8751
1489 -10595
26239 -23482
21709 -22837
80749 79549
62189 82329
100236 67671
92798 46433
46140 86912
28449 90315
89235 39257
75000 15119
77220 19646
92479 45950
99614 71289
75708 80090
26368 90503
70398 80568
60316 82772
38498 88380
28380 90322
56457 83759
42379 87917
52065 84968
25846 90553
78647 21496
72350 8568
71984 7561
71163 5054
69359 1033
41603 -25128
2739 -15259
84295 29439
79576 79710
57115 83591
49699 85779
50142 85638
94840 49943
97364 74309
92235 45578
72003 7613
71664 6656
100097 66968
85090 79070
94571 76901
99766 70329
87508 78914
100442 68366
99702 70449
91253 78274
81549 79461
73089 80314
51645 85110
99590 70780
87713 35633
89151 39031
57325 83533
99650 70545
100427 69273
93399 47367
98912 59500
99265 61130
100445 69187
80800 79541
82179 79384
75989 80084
65933 81572
49006 85977
56511 83744
69063 80769
81660 79447
94878 50041
99615 71326
93106 77753
97099 74510
98098 73649
99305 61341
99849 70173
58412 83203
61139 82591
99102 60276
100441 68402
99260 72204
100032 65254
100454 68639
99438 71857
99864 70144
91382 78233
73030 80317
98851 72838
4750 -19165
21885 -22861
5419 -19684
27481 -23506
3411 -16857
4298 -18579
1769 -12764
1512 -8018
1630 -11575
1723 -7191
1718 -6129
43091 -24973
37367 -25651
3066 -16037
-77872 81529
19 -1569
1630 -11718
1540 -7949
-35759 79564
-78959 81186
-65831 82496
-63110 82336
-63289 82350
-60705 81957
14243 90408
52175 84937
73316 80302
82062 25367
78268 21000
91158 43312
71043 4714
88880 38282
91951 45069
61589 -11795
71025 4668
87859 35935
80995 24169
81721 24905
65039 -6175
58819 -15907
81786 24987
69922 2198
48885 -22653
67803 -1221
74235 13278
67677 81157
37888 88526
16214 90745
32461 89719
70462 3310
67452 -1840
11217 -20695
5011 -19324
16274 -21304
68893 420
24387 -23236
9864 -20377
8390 -19486
9545 -20263
1424 -9011
4615 -18996
22746 -22973
31304 -24156
41718 -25123
39760 -25386
19337 -22210
6747 -19945
3852 -17807
3691 -17470
15496 -21202
87584 35402
90624 42165
53721 -20466
73917 12412
70175 2775
69500 1269
97561 56620
72233 8245
68031 -832
99593 70686
100161 69707
100075 65649
92711 77856
80227 79618
60546 82726
67377 81253
92590 77890
96696 74826
99133 72440
100225 67613
86917 34192
71198 5153
48071 -23094
63612 -8445
67369 -1987
62555 -10078
72524 8994
86216 32909
68724 80845
95842 52645
91311 43639
34495 89387
17481 90926
-13958 82451
1742 87364
70836 80489
100117 69776
93859 77430
95340 76331
91091 78317
83588 79191
92686 77865
99251 61029
83072 26890
84118 29040
55483 -19134
1661 -12023
1537 -10824
1844 -6490
24 -1207
-23946 80881
53024 84682
-13 -746
17962 -21666
61649 -11688
32527 89707
32255 89752
-16 -719
1777 -12820
8556 -19580
2984 -15771
10257 -20501
1632 -7640
4657 -19054
45 -1045
36 -1829
-29971 79955
56483 -18193
68454 -167
88561 37415
80210 23309
78374 21130
86769 33920
92821 77833
96872 74676
90792 78386
91479 78204
89657 78563
97752 73966
67191 81303
-10826 83031
-11612 82878
-15159 82286
73204 80309
71570 80420
78708 79822
71454 80427
61315 82545
58001 83322
17192 90894
-7499 83979
7417 89027
-5458 84642
91279 43570
98274 73480
100251 69558
98417 73337
90449 78451
74024 80208
34965 89289
750 86966
4283 88186
-84876 79549
-80217 80802
-88453 79005
-90632 78771
9287 -20131
3097 -16133
3781 -17651
15841 -21241
1728 -6151
1452 -8811
23934 -23151
12184 -20860
2074 -14084
1475 -10496
7913 -19407
14296 -21117
7469 -19591
1549 -10891
1200 -5120
4462 -18798
7988 -19409
3572 -17210
1437 -8638
1741 -7120
-83182 79987
1497 -8081
2096 -14134
2022 -13954
1579 -5870
10732 -20594
64823 -6462
62233 -10658
99990 64887
100019 65142
99642 70565
100098 66715
89469 78589
92363 77952
95996 75680
86766 78976
99513 71683
76389 80064
100094 66908
82477 79353
75162 80096
76219 80072
59981 82853
67737 81138
64226 81924
100141 69735
99719 70416
98149 73603
100450 69154
76161 80076
79632 79703
82946 79293
85775 79058
100452 69123
97871 73868
89786 78543
89375 78606
91155 78300
99982 69970
99907 70060
99934 70029
99505 71700
94989 76538
97340 74328
93319 77678
90143 78485
96961 74607
63299 82071
100264 67782
100252 67741
93737 77488
96075 75576
98401 73356
96372 75238
74635 80124
99497 71719
100350 68027
100245 67724
74899 80104
63173 82098
98141 57840
99542 62513
69818 1950
73166 10502
62798 -9725
47719 -23268
40036 -25335
39112 -25494
55154 -19413
58508 -16208
51689 -21542
54561 -19893
-33432 79616
-41116 80000
-57582 81349
-32949 79651
-25104 80671
-6998 84127
11112 89838
43351 87738
33536 89555
35103 89258
59863 -14714
64794 -6503
69559 1390
58850 -15878
58937 -15789
50819 -21873
51358 -21679
52046 -21373
88101 36451
86188 32859
58311 83233
-22640 81118
62743 82194
-24871 80720
-32713 79678
-41754 80076
1738 -12580
2051 -14031
-22018 81241
-35838 79561
-53584 81014
-62988 82327
-48560 80571
-55533 81145
-49798 80728
-3437 85398
-1573 86141
17337 90912
14387 90432
-1282 86244
-81926 80346
-36805 79572
-57420 81324
-46510 80368
-82538 80174
-88767 78976
-18701 81680
-65498 82468
-86780 79180
1606 -11270
664 -3915
1488 -9671
222 -2708
23669 -23102
21496 -22794
11837 -20789
24693 -23313
39474 -25444
58475 -16236
52686 -21043
62982 -9451
54417 -19993
42121 -25104
34691 -25316
1445 -8680
6732 -19945
7358 -19741
5622 -19830
2012 -13927
8332 -19456
5220 -19466
6369 -19994
13151 -21009
25042 -23374
35181 -25476
49681 -22273
61784 -11445
69636 1554
66437 -3786
69385 1072
1445 -8694
15029 -21176
31973 -24362
26606 -23482
12259 -20872
1503 -10647
1474 -10477
1492 -10040
3131 -16238
951 -4494
1650 -5996
-54848 81103
-30509 79889
-74051 82306
73260 80304
53139 84648
94661 76827
99962 69997
99600 71026
100316 69489
100118 67140
97997 57540
89135 78651
77256 79979
50828 85397
61021 82620
70121 80612
95000 50331
-47614 80456
-29455 80031
2843 87730
6770 88868
31362 89904
50396 85549
94373 77068
90783 42545
100075 69845
99941 70021
99587 70825
80592 79567
58775 83103
78887 79797
68 -2167
1566 -10984
32309 -24486
20030 -22454
35576 -25541
28789 -23701
35536 -25536
6652 -19943
2697 -15190
-7 -793
25 -1193
2516 -14924
1220 -5159
7532 -19504
74374 13655
64308 -7298
65283 -5861
58541 -16177
22415 -22938
12765 -20944
100093 66948
93223 77710
92141 78016
88737 78727
86869 78971
96034 75627
100456 69060
99611 71152
98713 72992
100071 65626
97190 55766
96634 54528
42808 87839
54097 84402
57894 83356
89936 40761
60706 -13372
69435 1147
28694 -23681
11039 -20666
14 -375
7446 -19625
4915 -19266
1481 -9626
58603 -16117
60771 -13279
26467 -23484
27619 -23521
74795 14676
80754 23930
75395 16304
76956 19252
27883 90385
85094 31162
18056 90966
5626 88566
66190 81518
80956 24131
78162 20868
71724 6811
60749 -13308
54935 -19594
34894 -25388
55081 -19472
33164 -24773
62942 -9515
40364 -25260
28048 -23565
75962 17547
27296 -23496
20631 -22607
60942 -13026
41522 -25132
82156 25489
89783 40483
97121 55587
95759 52450
83631 27957
84721 30462
39723 -25394
37786 -25639
26013 -23474
28141 -23575
34790 -25353
41156 -25155
5348 88488
-50705 80823
-64679 82434
-62743 82305
-64433 82423
-69656 82598
-73830 82341
-52838 80954
-56445 81218
-82486 80190
-66168 82527
-53749 81031
-68239 82611
-25773 80520
-33030 79642
-32793 79670
-70086 82579
-56851 81251
-19195 81614
8 -266
75 -2215
74398 13716
65954 -4650
66466 -3736
7431 -19647
5659 -19859
2294 -14525
18947 -22059
8682 -19663
3878 -17866
4863 -19237
1439 -8475
1773 -12792
8441 -19510
6761 -19946
8374 -19477
55592 83993
59255 82991
72703 9373
88313 36911
94594 76884
97140 55632
66761 81401
64978 81771
93822 47970
94754 49753
36764 88840
44434 87483
99242 60963
100097 66737
55907 83910
58722 83119
74412 80149
42197 87943
19349 91051
-46998 80398
-54765 81098
-77127 81741
-69013 82611
-46926 80393
-40697 79945
-80052 80857
-82132 80294
-49514 80689
-90817 78743
-91123 78688
-72269 82513
-91062 78698
1431 -9481
1625 -11473
98264 58050
100457 68718
98200 73551
99959 64591
91065 43117
56620 83715
77375 79962
42443 87906
40649 88032
1146 87133
50593 85480
40832 88025
34898 89306
46965 86671
97028 74557
99685 70479
100112 66054
100121 66497
99877 70109
95780 52497
97354 56174
84131 79145
97199 74440
89192 78640
97964 57465
100060 65487
86348 79021
100287 67841
68895 80804
65354 81692
57791 83391
64659 81842
79408 79725
65416 81679
97081 55503
66381 -3891
75237 15798
80876 24050
89561 40049
78509 21314
69997 2395
-7281 84040
-16594 82056
-3136 85513
-78301 81392
-82383 80222
-85608 79408
-54424 81077
-52419 80931
39914 -25357
55010 -19532
52945 -20899
8 -186
1103 -4879
5571 -19796
6007 -20000
5897 -19967
5092 -19384
-79786 80944
-63792 82392
-64739 82434
-53998 81049
-5949 84465
-4648 84947
18626 91014
-31678 79778
-57905 81400
-39373 79773
-36642 79568
48577 -22825
21414 -22777
12494 -20900
17759 -21596
38848 -25514
26794 -23478
18439 -21854
12296 -20876
46554 -23879
55903 -18783
66885 -2854
89763 40440
59589 -15047
67968 -929
72599 9157
74924 14953
69690 1677
70397 3197
59102 -15604
-26418 80380
-273 86594
-89959 78833
-88090 79029
-86052 79324
-74713 82193
1865 -6696
1633 -11783
-11183 82957
1455 -8767
56128 -18560
60537 -13626
57282 -17342
60180 -14193
84506 29927
-1502 86167
88148 78853
65871 81584
55386 84065
64786 81816
63137 -9218
61933 -11144
52443 -21170
63464 -8689
63180 -9153
65775 -5003
60108 -14316
10848 -20623
3326 -16699
1472 -10326
8932 -19843
10317 -20513
1476 -10512
3030 -15945
12961 -20977
22287 -22920
34270 -25148
39400 -25457
72175 8082
1863 -6663
9521 -20254
12532 -20905
1859 -6778
-89156 78935
1499 -9888
1487 -9663
1670 -12145
6462 -19960
70 -2193
1581 -7829
29543 -23836
36794 -25629
37655 -25649
40756 -25204
45464 -24289
59614 -15017
-40442 79912
9431 89463
38089 88476
8053 89172
-3669 85309
-3897 85219
-85721 79390
34019 89475
42257 87937
84209 29241
34656 -25302
18355 -21821
35337 -25510
30992 -24075
32817 -24669
3622 -17330
1256 -5246
7482 -19567
3 -865
8142 -19419
7422 -19656
51730 -21524
68609 49
66519 -3632
70804 4068
21114 -22705
65336 -5780
67343 -2037
35033 -25436
-71196 82587
-72195 82523
24651 -23304
60578 -13563
81355 24520
68396 -261
83892 28527
90162 41180
95262 51102
96000 52976
6022 -20002
22907 -22990
4063 -18213
1 -467
1690 -7331
1466 -8246
10675 -20580
1818 -6948
-58843 81553
-60904 81998
25920 90545
30617 90016
39352 88191
51209 85267
53880 84460
86584 33579
80636 23808
83738 79171
98541 58558
93144 46987
96250 53514
96755 54829
82888 26562
95722 52356
94557 49361
35375 -25517
800 -4212
59667 -14960
87953 36142
89582 40094
38566 88363
51352 85215
32046 89785
18268 90983
1480 87264
-55953 81178
-51826 80899
-26626 80339
-76819 81817
-87391 79092
-69730 82594
-58921 81568
-81163 80525
-77686 81580
-61297 82083
-50863 80836
-22560 81135
-29675 80002
-32871 79659
162 -2532
382 -3105
1650 -11913
1473 -10381
3582 -17228
17 -1546
59926 82863
99591 70750
100097 65856
100125 66377
90905 42806
91506 44044
86459 33334
89678 40268
89284 39397
89333 39529
86042 32619
90814 42617
80308 23434
70502 3388
54345 -20041
47753 -23250
77086 19454
85230 31383
99971 64719
99379 71970
97601 56706
91007 43001
86103 32716
100415 68212
95870 75839
96061 75591
99239 72248
557 -3649
61494 -11971
88944 78687
98491 58457
99255 61063
100210 69621
100454 68618
78020 79899
76964 80009
97900 57311
99337 61488
61128 -12693
60818 -13216
61863 -11274
84816 30643
91029 43041
100273 67803
89562 78573
83936 79154
93909 77401
92282 77978
42320 87926
46624 86773
88683 37704
74212 13216
48922 -22634
16737 -21378
17921 -21652
1547 -7933
57213 -17410
52563 -21108
36458 -25621
36290 -25613
34417 -25207
7642 -19425
1966 -13784
4146 -18359
36122 -25606
1628 -11594
5184 -19439
1381 -5499
1828 -6915
-64859 82436
-58372 81470
-57984 81411
-79126 81134
-78606 81290
-47681 80462
-51663 80885
-25627 80555
-24793 80736
-21940 81256
4396 -18703
7897 -19409
7521 -19519
4357 -18655
24072 -23175
8306 -19449
1443 -8425
8562 89278
3181 87843
2776 87708
20383 91055
15377 90585
39095 88239
13732 90328
18413 90996
8488 89262
19422 91052
-28785 80104
-56119 81192
-17641 81858
14743 90485
1080 87105
-8282 83740
3966 88087
30157 90080
-1209 86271
29681 90146
89366 39614
89063 38810
81970 25241
67312 -2088
71569 6389
72502 8940
93680 47772
84054 28889
94578 49404
75066 15290
76317 18210
29141 90223
50495 85515
95807 75922
99314 72087
33330 89585
79349 79731
89343 78610
94966 76554
95284 76365
94222 48639
93965 48177
87158 34626
78196 20912
74487 13954
49874 -22193
40717 -25208
41833 -25118
42430 -25083
40199 -25297
46912 -23701
10907 -20640
11955 -20820
3190 -16390
908 -4398
17142 -21458
90426 41733
100120 66459
92410 77938
90245 78472
95541 76183
98914 72760
100055 65434
99914 64289
99897 64198
97911 73834
88485 37269
90082 41021
88772 37946
94099 48404
83371 27436
98441 58355
96331 53711
99978 64747
99279 61200
94510 76959
99598 62839
84962 79077
77604 79940
70779 80499
78271 79878
79794 79683
97785 57070
85892 32380
99304 72112
98730 72973
98290 73463
87247 78941
1474 -10402
6090 -20019
50342 -22023
17057 -21443
2347 -14618
3901 -17909
1599 -11212
1811 -6364
5298 -19546
152 -2488
18039 -21699
28977 -23743
55447 -19166
47822 -23214
55519 -19104
60076 -14378
58790 -15938
51520 -21613
55629 -19015
62272 -10595
51192 -21742
47893 -23182
64528 -6921
82282 25655
85201 31338
91489 44004
82799 26402
99888 70093
97174 74457
78457 79857
99679 63149
89405 78599
92199 78001
91739 78127
1587 -7813
36249 -25612
35824 -25579
38228 -25585
-60641 81942
-84357 79657
-35918 79561
-87116 79130
-85159 79494
-55278 81134
-28859 80099
48438 -22901
47174 -23558
73281 10795
71181 5102
56834 -17795
11877 -20801
8 -126
655 -3892
1832 -6425
91716 44510
86161 32811
95127 50707
98969 59723
66624 -3420
57702 -16951
50185 -22078
57566 -17074
57872 -16798
59373 -15271
62326 -10499
62364 -10434
56001 -18690
61551 -11867
7280 -19810
14411 -21127
3037 -15965
1789 -6314
2925 -15603
7605 -19448
-73011 82432
-47200 80415
16010 90707
-24023 80869
-17310 81920
-14265 82413
-14645 82364
-7713 83917
-9480 83353
-28263 80139
-15460 82236
-9339 83391
-29307 80047
-16670 82041
-37519 79609
-86221 79286
-85272 79474
-77370 81673
352 -3037
-91847 78580
-44708 80255
-34326 79593
-66570 82558
41488 87997
46818 86716
58361 83219
18198 90976
74719 14516
38634 88347
33677 89534
47208 86588
46043 86941
44381 87499
-21546 81314
-15608 82214
12221 90073
30821 89989
-61550 82133
-68873 82615
44484 87468
92056 78036
95941 75751
93572 47615
95510 51771
95527 51820
100063 69869
99620 62949
72293 8410
74465 13897
73559 11472
100377 69404
93030 46815
48415 86163
74579 80130
57009 83622
60431 82748
62805 82180
53425 84574
24617 90701
56732 83687
47160 86606
25055 90660
-16059 82144
15731 90651
3312 87883
979 -4561
1432 -8591
1878 -13415
7542 -19498
28739 -23690
49950 -22164
31791 -24301
43216 -24939
51398 -21663
41679 -25125
99585 70851
61812 82420
83689 79177
87041 78956
97051 74541
99587 70881
97124 74492
97296 74367
85260 79069
94214 77200
98307 73444
94686 49618
49486 -22353
1952 -13726
5789 -19925
21328 -22758
4346 -18640
1416 -9047
1471 -8211
-8212 83762
-5743 84537
19496 91054
21321 91024
-12106 82782
-10896 83014
-29602 80014
-59156 81617
-49100 80623
-20383 81469
1858 -6585
-87730 79052
-53003 80964
-38554 79690
-31521 79793
54786 -19715
63301 -8956
61247 -12492
85750 32145
76442 18427
87308 34881
77323 19792
89099 38901
91620 44294
90737 42442
76410 18374
69305 953
78785 21671
75932 80087
86245 32956
84754 79095
83489 79205
88720 37800
85777 32191
98877 59387
97892 73851
96901 55119
67796 81122
70615 80526
100431 69262
96528 75022
100094 66929
88638 78753
90416 78453
90543 78439
100457 69046
99607 71076
100378 68095
99541 71614
99976 69981
99925 70034
99907 64258
81604 79452
84272 79140
88468 78791
95970 75713
81168 79500
93958 77372
89312 78614
59868 82874
73896 12350
70155 2737
39242 -25483
35067 -25447
13 -888
40 -1118
1504 -8050
-24403 80803
-6785 84196
-7426 84000
-5882 84489
68312 -403
56652 -17991
74576 14186
27391 -23499
31746 -24289
26978 -23481
28370 -23618
33671 -24924
14704 -21154
56566 -18096
39024 -25503
41273 -25147
75307 16021
62987 82138
3011 -15882
7057 -19894
3265 -16556
5608 -19822
23 -910
-78238 81415
-70911 82586
-72641 82473
-61923 82204
25318 -23398
20940 -22666
18648 -21935
-48426 80554
-43647 80197
-27751 80187
-60173 81838
-53501 81004
-53085 80968
-30743 79869
-23495 80959
56456 -18223
3105 -16157
-66641 82564
-88640 78989
13877 90349
38159 88458
27809 90390
87812 35831
-42623 80146
-58528 81497
-67620 82611
-56200 81198
-54083 81055
418 86839
-20461 81458
-17725 81842
1444 -8888
40521 -25236
95651 52164
58879 83076
47939 86329
51497 85161
57062 83608
78397 79864
92170 78009
76732 80034
51849 85041
24763 90689
97845 57192
94943 76570
98665 58850
93509 77590
27137 90445
67131 81318
95422 51529
6838 -19933
8848 -19784
9697 -20319
23981 -23159
25453 -23413
30586 -24003
47650 -23304
99689 70470
33128 89612
75540 16699
90182 41220
87063 34453
85605 79060
100132 69750
100401 68159
99836 63747
99599 71007
99504 62246
86966 34281
95976 52926
99780 63478
100062 65509
100121 67159
99613 71231
92616 46152
91525 44084
47686 -23286
68339 -356
77904 20547
84626 79110
99747 70373
93463 77615
92793 77838
99612 71210
99392 71946
93460 47450
99523 62381
91872 78090
96335 75277
94698 76789
99660 63085
97765 57028
90668 42267
99674 70495
93007 77785
99995 64946
99356 61560
90348 78458
74688 80117
100435 69248
94487 76980
99401 61743
97693 74020
95069 76490
98695 73011
100036 65279
81943 79411
26986 90456
-26064 80456
726 -4055
-16 -547
2789 -15345
7686 -19417
35909 -25591
39996 -25343
13471 -21052
15628 -21212
8291 -19444
320 -2968
1517 -10710
1411 -9065
1851 -13259
1138 -4967
1718 -7209
2458 -14816
7612 -19440
72727 9427
79262 22205
98326 58149
89869 40644
76544 18591
69785 1868
65416 -5652
75147 15511
62658 -9927
65225 -5938
3902 88069
-55195 81130
-27113 80263
-52164 80920
-77930 81512
41 -1099
3233 -16486
5194 -19443
1632 -11761
1619 -11370
4597 -18969
9044 -19950
3607 -17289
11553 -20735
8406 -19492
4836 -19220
-11540 82892
-33839 79600
29 -1750
1435 -8962
17100 -21452
6638 -19942
4286 -18560
672 -3939
26842 -23477
4482 -18826
1438 -8505
7497 -19548
6776 -19942
9079 -19981
12 -296
3 -6
1452 -8826
-19988 81522
74771 14623
82249 25614
90258 41382
88605 37513
87687 35585
88052 36347
85047 31077
75642 16921
60858 -13151
47543 -23360
54117 -20197
35455 -25527
45065 -24414
52645 -21064
59746 -14869
60237 -14101
41234 -25151
37279 -25647
48768 -22718
24477 -23260
1762 -6237
3275 -16579
58731 -15998
-10324 83137
75322 80090
73145 80312
94283 77144
87977 36193
61687 82452
69007 80780
88006 78875
-84933 79540
58259 83246
82061 79396
77138 79991
69117 80758
84363 79134
77021 80005
82595 79340
100052 65409
100001 65000
100324 69480
80274 23391
-9827 83264
-68660 82618
-57745 81376
8270 89218
10441 89692
2707 87683
32115 89775
12293 90086
29002 90241
21394 91022
32659 89685
11188 89854
-36157 79559
26654 -23483
23288 -23037
23118 -23016
43130 -24961
33791 -24959
21667 -22828
1498 -10628
3351 -16745
7955 -19410
10018 -20435
7215 -19853
3597 -17268
7040 -19897
1847 -13227
1622 -11412
1478 -9616
94941 50187
86486 79005
99982 64777
100123 66440
100418 69302
99576 62693
99200 60650
8010 -19412
2109 -14157
23206 -23027
22151 -22896
47999 -23131
-9269 83412
-26136 80442
-34892 79584
371 -3082
1588 -11092
5583 -19805
7353 -19751
6559 -19943
10112 -20464
1636 -11803
76160 17935
84744 30508
75184 15627
99998 69952
99582 71491
99354 72013
99024 72602
100037 69901
100180 69677
98121 57801
83389 79222
86416 79016
72973 80320
99071 60146
100125 66418
96936 74627
89301 39443
-43263 80179
-43025 80167
-35282 79575
27213 90439
23503 90814
351 86812
-4795 84892
-7786 83897
71345 5602
66510 81453
70726 80507
96638 74888
99790 63509
78338 21089
81431 24594
83394 27484
-31913 79755
-85885 79357
-35998 79559
1635 -7622
1672 -7404
4133 -18340
1509 -10668
813 -4236
790 -4189
-26694 80327
-71477 82575
-89473 78898
-71620 82568
-64558 82428
-81978 80334
-62050 82223
-88514 79000
11 -1419
49507 85837
69780 80657
97224 55849
64854 -6421
12221 -20867
1605 -11250
55413 -19198
58164 -16535
50463 -21985
-81827 80371
-62866 82315
703 -4009
3615 -17309
12650 -20922
22243 -22912
34200 -25120
18567 -21902
541 -3603
9804 -20360
6 -82
-80639 80671
-50626 80817
-34166 79595
-48761 80588
-46159 80345
-38966 79727
-15011 82310
10072 89604
70766 3978
39548 -25431
34555 -25264
51849 -21466
44001 -24753
33911 -25003
53366 -20677
42879 -25019
37100 -25636
69952 2278
19163 -22145
1699 -7276
1438 -8935
1604 -7727
4371 -18670
16388 -21315
12109 -20846
13348 -21036
20717 -22626
-25476 80588
-27465 80220
-74934 82163
-82955 80050
-88392 79009
15024 90527
13662 90317
41191 88013
53599 84531
49271 85901
56843 83661
54152 84389
56296 83806
88915 38374
58050 83306
52802 84757
91994 45155
86610 33629
17700 90942
23432 90822
22367 90941
29954 90107
87541 78910
52859 84738
6985 88917
6684 -19942
17880 -21638
36624 -25624
76274 80069
80438 79585
62928 82154
63730 81990
94442 49105
99327 72061
83228 79250
100424 68263
100439 68349
87947 78881
78829 79807
52633 84808
54663 84268
53772 84489
64471 81880
46769 86731
52916 84721
93583 77551
96982 74592
85048 79073
89594 78568
88327 78826
87572 78910
71794 80402
72418 80343
84670 79106
1628 -11615
1436 -8622
28094 -23571
60059 -14408
63844 -8063
-35049 79584
3055 -16012
3112 -16184
8248 -19431
1598 -11194
14741 -21154
32269 -24470
47286 -23494
26330 -23482
11290 -20707
1622 -11432
5259 -19500
1745 -6193
1727 -12526
2336 -14595
635 -3843
1728 -7174
1638 -5976
1748 -7104
1661 -7465
39617 -25417
1613 -7695
1480 -10114
1629 -11534
1647 -11893
7491 -19557
56034 -18655
45264 -24351
44310 -24684
40838 -25193
25132 -23383
58997 -15731
53525 -20584
72022 7663
68578 7
65642 -5244
77055 19403
74167 13093
79522 22502
84438 29786
60639 -13468
8131 -19419
8817 -19762
1477 -8170
27 -1677
1530 -9793
1769 -6257
65 -2142
32388 -24520
29776 -23878
28415 -23627
1803 -12963
4207 -18455
1630 -11515
1499 -9902
19208 -22164
44726 -24547
35141 -25466
-16905 82000
-19354 81594
-16439 82083
-15908 82169
75876 80087
75003 80098
35590 89156
83346 27392
41437 -25137
60620 -13498
28325 -23606
21029 91039
39601 88144
34086 89461
33195 89601
-10109 83190
29210 90213
-9053 83477
-78116 81455
-83823 79793
-29235 80057
-85329 79462
-68590 82617
-59308 81648
-16 -730
971 -4538
-50783 80831
37146 -25640
39873 -25364
40405 -25253
82645 26160
70290 2999
70046 2510
73189 10560
96590 54393
86559 33529
63914 81967
46866 86704
74849 80105
75818 80090
100172 69694
47897 86343
15092 90538
-75712 82035
-80481 80715
43562 -24848
48108 -23076
52815 -20970
69044 615
70558 3510
68676 137
66945 -2741
62082 -10900
22902 90881
-8490 83667
73032 10154
99585 70864
100122 66336
83561 27812
62005 -11023
59076 -15636
-38229 79665
13952 90360
31226 89930
-30275 79915
-52078 80915
-71123 82588
-52506 80936
-67897 82612
-21389 81332
-2986 85571
8416 89250
17121 90887
24838 90683
34427 89399
10588 89727
-202 86620
273 -2841
-84990 79528
-64115 82409
-73232 82410
16349 -21310
4418 -18736
-87279 79108
-60106 81820
-67129 82588
-84415 79644
1420 -9429
-68171 82608
-75368 82095
-91370 78648
-76694 81846
1502 -9705
578 -3694
-22 -603
6509 -19947
-10397 83123
11337 89887
-31369 79808
-71336 82582
-87910 79044
-91965 78563
1788 -12878
7344 -19760
96963 55248
99584 70837
96618 74908
91841 78098
99756 70355
100417 68228
100089 65776
100452 68510
99805 70232
100090 65797
95615 52068
94641 49534
99036 59991
99592 70705
100460 69014
87636 35494
96445 54011
85494 31757
74298 80165
94008 77341
34290 89422
-55448 81141
-49869 80738
-52754 80949
-13114 82582
10735 89758
21614 91009
-19748 81553
5004 88391
94174 48544
83586 27861
83419 27529
22016 -22878
24255 -23209
19988 -22439
22105 -22891
20240 -22509
19669 -22323
-45809 80327
45995 -24094
49405 -22389
21369 -22770
54710 -19775
282 -2866
1495 -9964
3167 -16342
3816 -17719
5507 -19752
645 -3867
-56692 81238
-61798 82181
-76567 81873
-69511 82601
-76437 81900
46634 -23842
9721 -20329
17347 -21492
69671 1635
98711 58966
94837 76658
95886 75821
88764 78722
87009 78959
79058 79768
1795 -6329
1818 -6378
7 -223
96387 53861
99248 60997
97255 55935
53827 84475
54834 84223
67069 81335
64349 81905
79176 79749
37217 88708
70007 80628
63793 81980
89956 40798
62126 82344
12652 90152
13376 90269
9502 89477
20670 91046
81818 25032
1529 -9736
894 -4374
37408 -25650
44234 -24705
73965 12536
76683 18814
78476 21266
74599 14242
67694 -1411
80483 23637
81392 24556
72253 8301
69904 2158
59507 -15133
71145 5003
62119 -10843
63940 -7918
65252 -5900
94333 48876
88702 37752
36378 88953
49414 85863
100214 67532
99371 61633
89631 40180
76347 18264
86689 33778
65826 -4901
72984 10037
61289 -12399
71236 5251
75844 17316
62196 -10719
87037 34410
86483 33380
81938 25197
78681 21541
43436 -24878
21456 -22787
22666 -22968
49523 -22335
44688 -24564
71074 4808
82532 25993
1856 -13292
1500 -5718
1685 -6061
5327 -19579
87315 78934
87917 78883
70669 80517
37480 88632
-88898 78962
-73455 82386
-78784 81237
-48359 80544
-82436 80204
-79512 81025
-72717 82468
-61863 82193
26754 90474
13158 90235
16281 90758
-15308 82261
60023 -14468
48036 -23113
26887 -23479
2062 -14058
1486 -8133
-75226 82119
-60376 81884
-57255 81299
-35206 79579
-40357 79901
-70298 82573
-81676 80410
4029 88108
-12675 82663
17843 90950
64163 -7532
23584 -23085
88788 37994
90611 42132
92208 45536
77642 20218
41395 -25140
29305 -23801
13309 -21032
7438 -19634
1435 -9490
1608 -7710
1015 -4668
1835 -6440
12686 -20930
37913 -25627
-22406 81163
-19908 81531
-23417 80973
19719 91056
14315 90421
39966 88095
99241 60930
95244 51052
99611 70620
99858 70159
99983 64804
99872 64006
98616 73108
99805 63575
99587 62765
100101 66668
100077 65671
100447 69171
89804 40525
71877 7238
79410 22376
94980 50284
90970 42924
96774 54869
95149 76444
94112 77272
94191 77220
54546 84296
-66101 82523
-60971 82011
-61362 82096
-71267 82584
-74418 82241
-82334 80236
4607 88282
-4123 85132
30553 90026
18126 90970
-6438 84312
-6227 84378
-8001 83830
42868 87826
19204 91045
99611 71383
89022 78673
94329 77107
95122 76459
98779 72916
99172 72374
88582 78764
79903 79670
84496 79122
47639 86440
49461 85852
42746 87853
77777 79925
95368 76314
93031 77779
98183 73568
100100 65901
99548 71595
99521 71665
97501 74201
86906 78967
100137 67216
94775 76711
77836 79919
55224 84122
43291 87750
47857 86360
99882 70102
98760 59083
88814 78709
76849 80021
35928 89077
3381 87906
22824 90890
-39046 79736
-47267 80421
-38801 79710
-56771 81244
-44927 80265
-15085 82299
-60308 81868
-79347 81071
-85943 79345
-85831 79368
-61988 82215
-39694 79812
-34486 79593
22627 -22963
19750 -22351
4122 -18321
2884 -15518
1852 -6808
11004 -20659
9190 -20072
54899 -19625
132 -2419
1534 -7963
9645 89506
44325 87515
41312 88007
53484 84558
76854 19093
64070 -7691
42792 -25034
51890 -21449
64235 -7417
71331 5550
69075 650
73531 11408
98988 59793
68203 80988
99591 62802
100116 66272
96620 54483
99192 60620
83249 27219
92155 45448
89401 39698
79857 22886
75106 15398
71822 7078
74421 13778
59987 -14528
46791 -23762
49447 -22370
63740 -8240
63003 -9419
75291 15966
69334 992
55263 -19318
47136 -23580
37958 -25622
75086 15344
75168 15569
1476 -8191
18075 -21715
7765 -19410
25668 -23440
-11896 82820
-61170 82057
-90019 78828
-88030 79033
-79458 81040
-83411 79916
-73307 82403
-76757 81831
-67477 82606
-15836 82181
-4722 84919
-16983 81986
64975 -6256
94901 50091
88194 36653
89047 38763
98864 59350
99470 62046
71430 5919
69803 1910
1783 -12849
8766 -19723
4531 -18892
5072 -19367
7113 -19884
1478 -10545
1495 -8097
451 -3305
64258 -7379
74032 12721
83797 28314
79962 23015
70944 4436
61099 -12749
61745 -11511
36879 -25632
21625 -22822
34165 -25104
34235 -25133
44469 -24646
-54679 81092
-51744 80893
485 86865
-1868 86029
4938 88373
89268 39350
92502 77916
75763 80089
58620 83150
43469 87716
21839 90992
43588 87690
27363 90430
54264 84360
92535 46030
78333 79872
92772 46393
73941 12475
96985 55290
49093 85949
-20225 81491
-24716 80749
-37835 79635
-78666 81271
-85777 79378
1406 -9278
-87224 79114
-78177 81436
-87499 79077
-85442 79440
-78725 81253
-86947 79154
-90569 78778
11634 -20747
1403 -9139
2193 -14316
45670 -24217
16162 -21287
19378 -22224
55732 -18929
36373 -25618
62819 -9698
57459 -17170
60837 -13183
59816 -14778
58908 -15818
4473 -18812
10229 -20493
10821 -20615
4961 -19294
1677 -7387
1854 -6554
45 -1030
4777 -19181
6227 -20023
3293 -16626
5173 -19433
6276 -20016
55664 -18988
60041 -14438
59025 -15699
45629 -24232
42924 -25011
18314 -21808
13230 -21021
65515 -5470
-28336 80133
-33190 79630
-25327 80622
-21003 81378
-9623 83316
57583 83454
55695 83963
84541 79119
76790 80027
70560 80535
72190 80364
96462 54061
62001 82373
-18458 81714
22140 90966
29071 90231
35659 89139
-26348 80395
-28934 80090
6919 -19916
5455 -19716
2775 -15325
1561 -10961
64735 -6585
66121 -4345
64581 -6835
66062 -4449
61083 -12778
54598 -19863
53840 -20392
60495 -13687
65615 -5290
61146 -12668
60161 -14221
55339 -19260
58636 -16090
24397 90722
-9553 83334
66675 -3312
48180 -23040
83609 27909
91470 43968
83298 27306
37190 -25641
79374 22333
77752 20361
95579 51969
100017 65114
-628 86470
69458 1187
69965 2317
41562 -25129
-65233 82455
3115 87822
15588 90625
33465 89564
9288 89432
921 -4424
58063 -16625
51810 -21486
64501 -6962
62140 -10812
41640 -25127
46436 -23930
-67690 82612
57770 -16890
53072 -20831
62881 -9609
54453 -19970
58761 -15969
44390 -24667
60217 -14132
66293 -4046
35743 -25568
24862 -23348
60126 -14283
90514 41916
60147 82812
65998 81557
51902 85024
6117 88703
-50091 80762
-49308 80656
-52919 80958
-59232 81632
-47750 80471
-28410 80127
-32233 79726
89132 38987
98558 58595
96236 75386
86359 33144
88289 36856
96920 55163
86663 33729
97174 55720
96700 54704
94290 48780
81492 79466
96268 75350
99947 70013
92368 45785
89998 40872
99020 59929
100092 65815
100148 67257
100454 68850
85734 79058
95330 51299
91782 44685
85923 32427
73807 12095
79484 22459
85121 31208
84699 30414
70013 2434
70230 2884
79154 22079
90545 41987
89252 39305
49285 -22446
44429 -24656
26105 -23480
40117 -25316
48728 -22740
49203 -22489
66349 -3941
74951 15008
74258 13339
59088 83027
65675 81624
93762 77478
100116 66555
97408 56295
67254 81288
72473 80339
99605 62876
99547 62546
99846 63813
100454 68658
96187 53362
100451 68494
5278 88469
73703 80259
53714 84501
63547 82023
55855 83924
88170 36601
85343 31553
63696 -8306
62157 -10780
59296 -15358
98068 73681
99732 70395
48504 86133
87736 35680
80446 23596
95311 51252
98631 73088
97732 73983
100458 68793
61532 -11904
84622 30220
92422 45866
90347 41581
88004 36245
97240 55892
83821 28366
91414 43856
97722 56949
99935 64439
92027 78045
94921 76588
100119 66536
100069 65603
99990 69962
51546 85146
20525 91050
13088 90226
-34246 79592
-52334 80927
61916 -11174
61033 -12868
55592 -19045
57249 -17375
39155 -25492
66235 -4145
33629 -24913
33085 -24746
1920 -13601
70065 80619
57843 83372
88205 78845
100114 66205
99620 70605
93346 77668
85388 79064
65805 81596
66823 81388
30752 89999
21913 90984
99473 71775
100107 66620
75933 17489
56240 83822
62251 82314
63111 82112
36316 88972
58930 83061
70507 80545
87479 35213
87883 35987
95385 51437
99348 61524
99485 62117
97663 56827
100045 65358
98346 58183
49895 85722
68783 80829
34629 89360
51305 85231
88496 78784
99689 63181
99042 60024
94663 49574
95913 75784
99534 71633
93154 77736
82121 79389
76447 80060
71903 80390
83175 79258
75597 80091
99846 70180
100291 67859
99073 72531
98887 59424
99228 60806
61316 -12335
65592 -5336
42206 -25098
46594 -23860
1531 -10778
5699 -19881
3738 -17562
3139 -16264
27910 -23549
30231 -23952
50700 -21915
42611 -25063
34857 -25375
46951 -23680
38584 -25543
38981 -25504
38090 -25606
34998 -25424
32392 89728
89518 39959
82724 26280
60371 82762
-2309 85844
31090 89951
-16360 82094
99762 63413
98900 59460
99230 72268
89854 78529
99668 63116
93835 77441
97930 73817
72195 8137
78409 21176
95347 51346
94520 49278
87430 35118
88389 37065
86635 33679
81035 24208
75324 16079
77359 19838
61727 -11546
67039 -2576
61425 -12102
29023 -23753
37 -1881
1356 -5449
26373 -23484
15950 -21256
9749 -20337
1628 -11493
6182 -20027
8117 -19417
6541 -19944
8201 -19423
-84242 79682
9 -199
42 -1932
2617 -15075
31609 -24248
30719 -24022
42036 -25108
-26972 80282
-27822 80182
24021 90756
15519 90613
9927 89570
54604 84282
97207 55809
99233 60868
100239 67689
99206 72312
94920 50139
97484 56454
95596 52019
87835 35882
87110 34540
96143 53264
99212 60714
81615 24787
82699 26241
68643 93
60092 -14347
69870 2075
83985 28736
99700 63216
100063 65534
96816 74729
82866 26523
83442 27576
-44411 80248
-88151 79026
-60443 81897
62255 -10626
48652 -22785
11797 -20781
6994 -19906
1404 -9208
6893 -19921
48805 -22695
27529 -23512
71703 6758
83491 27669
91852 44854
99465 71794
68145 81005
68088 81025
-43877 80212
-67058 82585
477 -3379
23412 -23058
13827 -21086
18483 -21868
6906 -19919
8628 -19625
7138 -19877
25750 -23449
3223 -16462
77826 20453
82821 26443
90947 42884
99953 64562
88965 38520
97272 55976
99754 63383
91805 78108
91284 78262
93313 47243
99492 62149
96495 75073
100099 65877
99598 70956
99122 60339
95801 52547
73968 80218
96319 75295
94549 76920
88523 78778
88849 38184
79820 22846
88820 38088
72868 9752
75812 17262
83540 27764
74740 80114
72748 80326
43646 87677
59034 83040
35311 89211
55964 83894
71005 80468
68551 80894
470 -3354
1532 -9740
1413 -9355
1891 -13478
1474 -10420
-76176 81956
-89718 78870
-65697 82484
-64798 82436
14529 90451
-3285 85454
-414 86546
14170 90397
48326 86191
-75846 82012
-43339 80181
-80850 80609
180 -2596
839 -4281
931 -4446
95082 50568
94732 49707
100456 68813
94305 77127
93369 77659
98017 73729
96219 75404
89827 40564
61376 82533
-23572 80944
-12036 82793
-30432 79899
36635 88875
72916 80322
99183 60588
92341 45743
4029 -18146
4736 -19154
6152 -20028
254 -2785
14776 -21158
1463 -9579
1536 -9776
1517 -9721
57 -2063
-9196 83434
-5019 84804
37616 88593
25200 90641
-24248 80826
2212 87528
-4425 85025
-11753 82850
-39454 79783
-47135 80408
-60836 81983
-53912 81043
-77810 81548
-75646 82047
-81574 80432
-83764 79812
-84301 79670
-88270 79018
-70633 82576
-73679 82363
-42384 80134
-13488 82515
-22252 81193
-32393 79712
-81877 80359
31216 -24131
7839 -19410
49179 85926
86303 33048
96520 54205
76017 17658
77460 19985
83322 27347
72626 9210
70377 3156
90020 40908
88219 36705
69887 2116
71375 5708
71930 7401
61051 -12836
25792 -23455
27070 -23487
59226 -15445
-1 -851
21070 -22695
15593 -21211
44761 -24532
44801 -24519
43347 -24902
56192 -18496
42966 -25002
65901 -4751
60272 -14040
53243 -20742
46477 -23913
31840 -24314
26283 -23483
70912 4342
65540 -5425
62841 -9667
67398 -1936
25363 -23400
18 -1240
1504 -9862
2243 -14423
1456 -5636
4492 -18840
9988 -20424
1681 -12257
8698 -19675
4182 -18420
298 -2920
309 -2944
1501 -8064
985 -4585
1523 -9728
3714 -17517
6589 -19944
5137 -19412
4575 -18942
1429 -9469
825 -4257
17017 -21438
5468 -19723
4452 -18782
8223 -19426
1474 -10306
4017 -18124
5441 -19705
7811 -19407
4 -10
5 -49
14 -361
9429 -20209
7314 -19786
8491 -19539
1407 -9294
18114 -21729
14631 -21150
59771 -14838
60922 -13059
67068 -2521
67909 -1030
81154 24325
19910 -22410
10079 -20456
69936 2240
70686 3801
19501 -22267
31349 -24170
2978 -15751
1451 -8856
1545 -5809
1628 -11658
3827 -17741
1706 -12418
8881 -19806
6670 -19942
1615 -11349
119 -2373
16235 -21298
3558 -17169
2587 -15030
6808 -19939
1611 -11289
2374 -14659
-28116 80153
-36722 79570
-8141 83787
-30046 79945
-33592 79606
-5385 84667
39416 88180
56074 83864
6407 88781
3836 88051
-34565 79590
-51420 80869
-28708 80109
-44487 80251
-53252 80978
-81111 80537
9407 -20199
36164 -25610
71497 6183
71860 7185
80715 23891
80557 23724
84162 29138
89220 39213
88124 36502
99512 62314
74466 80143
75109 80095
96893 74659
97248 74405
99259 61097
99962 64624
88861 78702
87634 78904
100308 69497
100186 69663
100297 69505
87506 35262
94021 48265
82588 26077
92287 45661
57072 -17551
1509 -8033
14103 -21101
1489 -8114
33 -1801
1467 -8230
14220 -21110
7752 -19412
21 -1591
3762 -17608
4039 -18168
2206 -14343
21203 -22728
24207 -23201
9596 -20280
43393 -24892
32188 -24435
44351 -24674
59151 -15540
62535 -10109
61570 -11831
55966 -18720
95773 75963
53312 84601
72861 80324
74244 80174
69392 80713
99966 64655
99739 70383
99057 72556
95311 76347
95955 75734
99590 70724
57430 83502
60843 82661
22670 90907
19059 91039
26067 90530
-8420 83693
13229 90246
66635 81425
7291 -19804
17304 -21484
15361 -21194
-79678 80979
-45520 80304
2981 87776
11857 90002
26142 90524
24096 90750
33260 89592
31632 89850
45950 86964
64164 81934
74080 80201
88235 78838
44826 87349
-9898 83245
7910 89143
99799 70241
60962 -12997
55227 -19349
55045 -19504
43840 -24783
59480 -15162
5871 -19959
3419 -16880
83466 27622
53760 -20444
66092 -4397
61393 -12166
60475 -13715
63340 -8889
65390 -5694
71301 5449
82472 25912
99313 61379
96208 53413
85343 79067
99893 70086
83639 79185
84452 79125
54719 84252
57948 83339
48022 86299
44731 87386
6625 88833
72040 7715
66572 -3526
100112 66577
100345 69449
83004 79285
88931 38424
75516 16642
77715 20312
52362 -21211
18698 91019
-29895 79969
-82691 80122
-65966 82510
-91495 78628
-700 86444
-6927 84149
-11325 82930
-15233 82274
-17144 81956
-45880 80331
-49033 80614
14883 90506
42565 87885
48283 86209
40399 88050
86130 79048
80541 79573
86385 33191
94150 48497
92014 45197
84546 30023
77680 20265
55117 -19444
13191 -21016
1762 -12710
9363 -20175
7164 -19871
-66987 82580
44107 87570
57167 83578
84661 30319
81652 24826
61801 -11410
41079 -25161
53642 -20516
71126 4954
60999 -12932
66599 -3473
56510 -18160
47432 -23415
4564 -18930
8156 -19421
11365 -20714
5561 -19788
-5 -810
1518 -9813
10648 -20572
2847 -15451
3867 -17847
1944 -13694
20675 -22616
44950 -24459
59535 -15104
70707 3844
60597 -13532
56936 -17689
8125 89187
-5531 84616
-8559 83643
-1430 86195
29883 90118
29481 90174
26293 90509
31499 89875
76285 18155
61706 -11579
49719 -22258
72960 9980
71746 6866
68095 -733
50941 -21831
15 -1480
1512 -9826
45712 -24201
65878 -4799
66649 -3365
63403 -8789
49124 -22530
45504 -24275
20588 -22597
13865 -21088
14884 -21162
4927 -19272
10703 -20589
9095 -19997
97465 56411
84224 79144
11634 89954
20018 91058
56129 83850
89108 78656
69894 80645
86698 78983
97712 74002
76673 80039
78583 79840
96833 74711
95790 75943
99950 64530
99156 60463
98777 59122
99536 62479
99854 63879
98650 58812
98945 72717
96837 54992
91105 43194
68608 80876
41013 88019
55539 84010
78520 79850
87213 78943
1840 -6868
1593 -11153
4724 -19145
1843 -6853
46914 86688
47353 86536
35993 89059
32996 89632
25993 90537
28026 90367
50446 85532
44635 87422
47014 86655
57670 -16980
488 -3430
1590 -5891
1506 -9851
5116 -19400
87 -2263
-65431 82464
-46580 80373
-63921 82399
-75152 82132
-89534 78890
-85666 79399
-70015 82582
-29007 80083
-13724 82482
-17557 81871
-25177 80656
-80321 80766
-62116 82235
-58683 81525
1595 -7779
1049 -4755
69835 80651
40086 88079
12943 90206
12580 90138
11034 89822
14335 -21119
8713 -19686
5212 -19460
1392 -5522
34725 -25329
-90386 78795
-74639 82204
-57335 81313
-80268 80783
1456 -8354
1555 -5831
1086 -4836
33291 -24808
1447 -8709
1246 -5223
8591 -19603
100235 69584
98837 59277
97062 55462
94351 77087
88413 78807
597 -3741
23076 -23009
13113 -21005
24344 -23227
4088 -18257
3725 -17541
29258 -23795
36709 -25626
71949 7455
77571 20126
79448 22417
68770 263
69251 876
54381 -20019
35260 -25493
60662 -13435
51563 -21594
42565 -25069
24821 -23340
19626 -22307
32740 -24645
6491 -19952
7580 -19469
16199 -21293
29636 -23854
32854 -24681
49836 -22210
53325 -20697
40996 -25170
14560 -21144
14062 -21099
64006 -7807
68128 -686
17553 -21540
52242 -21275
38542 -25546
34520 -25250
23801 -23127
5646 -19850
7824 -19408
17676 -21573
10619 -20565
15528 -21205
41356 -25140
57109 -17514
34092 -25079
3458 -16966
1792 -12909
7476 -19578
19296 -22195
30093 -23936
3179 -16365
9777 -20349
6935 -19913
4850 -19229
-62496 82284
-73158 82416
-57174 81288
-73084 82426
14 -1459
19871 -22397
5281 -19529
4825 -19210
6035 -20005
4101 -18278
9 -1345
27437 -23503
32665 -24619
-23 -588
-81728 80398
-86388 79252
4477 88246
4738 88318
12799 90179
78128 20825
68861 382
69578 1432
63319 -8922
45223 -24363
67638 -1509
86273 33003
36 -1855
4553 -18918
99760 70345
99994 64916
99592 70741
98567 73167
96564 74974
99341 72039
92569 77898
99918 70044
99290 72135
99795 70249
96479 75099
88079 36399
85021 31031
99446 61934
99660 70528
100089 69824
86559 78997
98406 58286
100023 65172
90664 78416
96076 53119
70453 80555
53933 84446
92181 45493
94818 49896
99831 63712
98619 58737
99599 71435
95517 76203
81827 79424
65104 81745
62310 82300
98236 73515
89051 78668
66128 81531
95733 76004
99601 70990
95560 51919
89884 78523
99784 70266
97149 74475
100371 68079
100331 67974
100459 69030
100114 67100
98899 72781
100410 68193
99592 70792
100014 69931
95094 76476
94074 48360
95675 76070
96141 75488
93248 77703
100352 69440
99722 63284
86278 79029
85856 79057
100159 67299
61079 82606
56676 83699
-10181 83172
28310 90332
60203 82797
100451 69137
87977 78879
97521 74183
98114 73635
99281 72158
98885 72800
91816 44768
93850 48010
98029 57615
99881 64071
87183 34667
60880 -13118
342 -3015
59906 -14650
62416 -10337
74646 14352
70820 4112
14181 -21108
13946 -21090
74056 12781
63915 -7954
58414 -16296
68982 540
68799 303
47615 -23323
35106 -25459
43682 -24819
32701 -24632
61628 -11723
63549 -8547
45425 -24302
40482 -25242
2269 -14474
4949 -19288
9385 -20188
8092 -19416
5909 -19973
20112 -22477
3518 -17088
1866 -13355
9498 -20241
19119 -22128
76102 80078
66447 81468
92315 45703
85404 31634
31156 89942
38293 88428
-72343 82505
-67340 82599
-68733 82616
-70435 82573
18987 91037
-53418 80993
48143 -23059
56623 -18026
63426 -8755
46673 86760
45412 87120
73596 80271
98085 57724
97863 57234
100008 65057
100115 66118
99985 64832
99290 61269
94598 49447
97804 57110
96285 75333
91906 78081
244 -2761
4805 88337
10001 89586
28240 90340
16557 90803
-23797 80906
-991 86348
-48829 80595
-52249 80923
-63478 82363
-46651 80377
-79623 80994
-21862 81269
-66849 82573
-23189 81015
22521 90924
38430 88396
41606 87991
-40020 79851
-39855 79830
-43572 80194
-42228 80124
10884 89793
16697 90828
-343 86570
-12969 82611
80378 23513
8211 -19424
18689 -21951
30542 -23995
41479 -25133
6138 -20027
1757 -12684
35218 -25484
36923 -25635
33711 -24935
29865 -23897
5030 -19337
2897 -15539
18858 -22024
3091 -16107
4383 -18687
7997 -19410
1551 -7915
1697 -7294
9248 -20107
12033 -20836
6912 88901
51163 85284
67530 -1697
60901 -13088
67162 -2357
57493 -17137
61609 -11759
69653 1596
45346 -24327
30454 -23978
56595 -18061
-132 86645
-20304 81481
-2761 85660
2353 87569
31838 89818
11784 89987
35794 89110
80956 79524
100216 67555
99820 63644
100087 65757
87412 78924
97457 74234
97412 74272
99090 72510
100094 66869
86072 32669
71550 6337
69480 1226
50779 -21887
51109 -21770
63114 -9251
66830 -2969
63571 -8515
94775 49800
93610 77540
90695 78409
88970 78680
100210 67512
88583 37463
89743 40400
79300 22249
91892 44940
74951 80102
66319 81493
38022 88490
88063 78866
58568 83164
30955 89972
37350 88671
-74563 82215
-86892 79161
-20850 81401
-66920 82574
-53168 80972
4412 88226
32794 89664
87695 78899
84796 79089
99864 63942
98051 73696
99831 70195
78082 79896
53543 84544
24471 90716
21247 91027
45611 87056
41251 88011
5418 88508
45559 87071
84461 29833
75044 15233
70857 4203
84928 30861
82346 25740
21842 -22857
21246 -22738
11073 -20672
14956 -21169
11327 -20710
8177 -19421
7852 -19408
2964 -15709
3467 -16986
8749 -19712
7335 -19769
3975 -18041
2031 -13982
61332 -12301
69412 1109
54972 -19565
6112 -20024
5363 -19618
1476 -10529
-46301 80351
13303 90258
41371 88004
63609 82011
100104 67026
99270 61165
88738 37849
99587 71471
98996 59828
88916 78693
85978 79059
99220 72290
100102 65923
99932 64407
83836 79161
58672 83136
63485 82032
17986 90960
10959 89808
-27895 80173
1653 -7543
1425 -9457
1486 -10087
1447 -8408
1984 -13840
5552 -19780
1156 -5013
-5 -496
24910 90675
4672 88301
41846 87977
56350 83792
87443 78920
95280 51151
89115 38944
91124 43231
76075 17769
84973 30946
66725 -3199
47210 -23536
15107 -21182
15561 -21208
940 -4470
-61037 82025
-48153 80521
-47952 80497
-48291 80537
-80585 80686
-77432 81655
-70568 82573
-91183 78677
-64919 82438
-60241 81852
-86555 79219
-90262 78804
1497 -9918
7699 -19415
1852 -6823
1538 -9753
30277 -23957
512 -3509
5383 -19640
1527 -10755
6419 -19977
4 -41
3245 -16512
9571 -20272
2435 -14772
1831 -13139
2727 -15234
23758 -23117
23889 -23144
76991 19303
63760 -8204
43880 -24775
43261 -24927
48330 -22959
91660 44381
90799 42582
81061 79513
94710 49662
48239 86224
41549 87995
68028 81046
58206 83260
100025 65200
99197 72331
86845 34056
15802 90666
12872 90194
-44186 80237
-32152 79733
-37598 79616
57378 83519
45164 87211
48914 86004
82887 79300
99874 70114
83227 27177
99438 61893
97979 57503
92106 45363
91176 43349
62400 -10369
59561 -15075
51317 -21693
56399 -18286
1577 -7845
-70840 82583
-44033 80225
25837 -23459
71218 5200
69725 1754
74899 14897
57424 -17203
33504 -24873
18608 -21919
17429 -21508
29954 -23913
39835 -25374
50859 -21858
50380 -22009
37056 -25635
14257 -21114
40322 -25268
47467 -23397
-65043 82443
-64242 82416
-50016 80756
-57665 81362
-66502 82555
-62927 82322
-89347 78911
-69872 82586
-77991 81492
99 -2309
16 -1254
4 -455
-48629 80576
-23874 80893
-23032 81043
-82282 80251
-63605 82375
-81421 80466
-5674 84563
3510 87950
-9123 83457
-43802 80207
-41676 80066
91765 44641
98241 58015
100442 69215
95419 76278
100336 69462
100437 68333
97676 74036
99603 71061
98941 59610
99744 63348
85148 31251
72271 8354
66751 -3142
86331 33097
99706 70436
95565 76167
95854 75860
99114 60307
95704 52308
51259 85248
87604 78907
93271 77695
93985 77357
99366 71991
97852 73883
96021 75644
99612 62913
91084 43153
99883 64102
91319 78255
90111 78488
95983 75697
93661 77521
94164 77237
99603 70635
99694 70460
99573 71507
100116 67119
98930 72738
100204 67472
100114 66077
98762 72934
100127 67178
93519 47531
94501 49236
85613 31927
79785 22804
80034 23099
73324 10913
73447 11220
78965 21878
72414 8727
62517 -10142
52127 -21335
8475 -19529
461 -3328
-68376 82616
-28633 80113
-27254 80246
99164 60496
90495 41878
70892 80483
49365 85876
85807 32238
82910 26602
83773 28263
69520 1310
44041 -24743
58095 -16594
68367 -308
68832 343
91344 43712
64288 81916
92952 77801
33396 89576
78147 79889
85524 31799
45385 -24315
16310 -21308
2163 -14259
-71052 82587
743 -4100
11 -146
58385 -16329
-21236 81348
-29820 79981
7562 89059
66383 81482
74522 80134
43993 87600
39905 88102
24249 90736
-3362 85424
-6858 84172
948 87047
-72048 82537
-87614 79064
-79946 80894
36959 88781
23650 90797
-34972 79584
6840 88883
45263 87175
67970 81063
96271 53564
96942 55203
39361 -25465
2821 -15406
31430 89889
29615 90155
20453 91052
21689 91004
37953 88507
24689 90695
-22954 81057
-86499 79230
-87004 79145
5934 -19983
7124 -19878
8506 -19547
31130 -24107
69277 912
67774 -1270
76223 18045
84274 29390
81505 24671
98534 73209
98600 73128
65611 81639
74135 80190
71400 80434
72585 80335
62064 82360
92309 77968
97984 73762
99861 63909
98814 72876
91641 44337
85289 31467
27159 -23489
1495 -9977
19034 -22094
22786 -22977
39953 -25351
34127 -25091
62468 -10238
72845 9697
87285 34837
6552 88817
-36480 79563
-35520 79569
1463 -8266
2809 -15387
3338 -16722
1417 -9400
-63855 82395
-81057 80553
-74345 82253
-76504 81888
-75508 82072
-68036 82610
-17391 81904
-59384 81663
-83946 79761
-43496 80191
-11037 82985
-2383 85814
23133 90854
41075 88017
90368 41619
39031 88252
-8910 83522
-50318 80784
-21782 81281
-25027 80689
-89221 78925
-72419 82497
-42150 80117
-46371 80355
23058 90863
31294 89917
28933 90252
37821 88540
-3512 85368
213 86761
61500 82500
44972 87287
281 86786
12413 -20889
1524 -10732
1566 -7882
-76372 81916
-75007 82151
-85386 79450
-82794 80093
24519 -23271
5991 -19998
89171 39078
79561 22544
29116 -23771
76378 18318
95633 52118
97390 56253
83336 79231
67314 81271
72132 80372
35241 89227
47593 86456
-26280 80411
-26903 80291
-20066 81511
-27394 80228
-37992 79646
81 -2238
26445 90497
3769 88030
-27605 80205
-29160 80065
-8701 83593
-11968 82809
-27967 80166
-42785 80155
-46718 80381
-58293 81457
-82182 80282
-90509 78785
-59964 81787
-18867 81658
25416 90610
-57012 81267
1670 -7425
2858 -15473
1438 -8653
12453 -20895
4321 -18608
112 -2354
1619 -7678
1493 -10026
7226 -19849
1849 -6838
1513 -5743
5493 -19743
17386 -21501
16937 -21421
8046 -19411
10563 -20552
11179 -20689
35415 -25522
1425 -9445
1491 -10056
1490 -9682
3634 -17351
8458 -19521
56020 83879
36445 88933
37024 88761
29750 90137
41134 88014
58983 83050
47451 86506
49136 85936
79741 79689
50546 85498
52969 84700
17469 -21518
19251 -22179
16816 -21398
3024 -15922
-80899 80594
7402 -19686
1265 -5267
1571 -7865
11401 -20720
8320 -19452
44196 -24713
64401 -7130
61832 -11342
44118 -24728
28188 -23584
30810 -24037
47504 -23378
42836 -25026
33331 -24818
34056 -25063
-53337 80986
-51339 80864
-83354 79936
1864 -6729
-22 -656
-66237 82533
-73753 82354
-79070 81152
-73381 82393
-91905 78571
-77748 81564
-91675 78604
-89092 78943
-83704 79826
-75438 82082
2308 -14548
32969 -24712
10 -282
12 -389
31699 -24273
2150 -14232
5232 -19473
65166 81733
61937 82391
56565 83728
97427 56334
97966 73783
98256 73497
100453 68901
100428 68281
100457 69000
89913 40723
78578 21406
79115 22039
79463 79719
80177 79626
100115 66140
100190 67414
100038 65306
87663 78901
73756 80250
98524 58524
84862 30728
71683 80411
69171 80749
53196 84631
28590 90296
27586 90412
-27043 80273
25630 90579
44535 87454
26833 90467
90407 41695
89479 39871
94355 48925
94247 48685
91194 43389
97581 56664
100444 69200
98933 59574
82671 26203
84950 30902
98680 58889
99006 59860
96604 54439
100258 67760
68376 80938
-51261 80858
-68517 82619
-56365 81212
-49168 80633
-56932 81257
-35128 79582
-80428 80733
45 -1001
1566 -5850
9013 -19918
7623 -19433
8665 -19650
1816 -13020
1341 -5426
419 -3202
51 -2011
-91788 78589
-90755 78752
-55021 81117
-18538 81703
-36317 79560
-31755 79770
-15683 82202
-81215 80512
-86724 79188
-31135 79833
-40864 79966
-84703 79585
2504 -14903
7025 -19899
1481 -9634
6524 -19946
33046 -24733
22329 -22927
44616 -24591
66493 -3682
45026 -24428
28931 -23733
23247 -23030
40957 -25177
38181 -25591
71287 5399
74283 13404
79714 22717
53443 -20629
62636 -9955
37451 -25651
411 -3178
28837 -23711
3048 -15989
9170 -20057
1629 -11636
2835 -15428
5832 -19946
15144 -21185
168 -2552
-81268 80498
-74127 82292
1863 -6615
6403 -19982
1628 -11697
44989 -24443
79338 22291
96425 53961
84418 29738
92640 46191
75358 16191
81541 24710
61196 82575
54376 84336
46428 86833
37549 88614
55490 84028
90211 78475
86939 78964
91187 78292
99628 70587
100452 68545
96050 53072
77080 79996
84919 79079
73486 80288
60784 82675
43170 87774
52119 84952
43937 87612
41726 87984
70232 80597
18840 91029
61875 82406
91911 44983
90240 41342
66776 -3084
84681 30368
5139 88432
28799 90270
15307 90575
617 86916
34361 89411
9006 89372
7276 88990
18340 90990
58156 83276
38966 88266
37686 88575
23210 90846
29547 90166
-5604 84591
-12245 82753
-33921 79598
-21079 81367
-22483 81151
-19032 81636
-14718 82353
-62805 82310
-49655 80709
1861 -6599
604 -3768
205 -2662
1477 -10163
157 -2510
1600 -5913
1601 -11233
46 -1961
1496 -9933
1403 -9157
3390 -16813
3996 -18084
1121 -4924
34 -946
1863 -6745
-87969 79038
-57093 81278
-39210 79756
-39935 79840
-37204 79590
-44782 80260
-3210 85483
-12387 82725
12434 90113
13017 90217
37153 88724
-3975 85187
-33512 79611
-21311 81340
1431 -8978
5104 -19393
5634 -19838
3669 -17420
-6089 84424
-48017 80506
-20926 81390
12003 90031
-4348 85051
6480 88798
47727 86406
45066 87246
-11109 82972
10146 89624
60980 -12963
65102 -6095
72478 8885
72573 9102
61967 -11082
62717 -9838
61408 -12132
100438 69232
99838 70189
100243 67705
98014 57577
100244 69572
99130 60371
97947 57426
90014 78503
99613 71344
100132 67196
99751 70365
83062 79276
78820 21712
73501 11345
72936 9922
63067 -9320
53483 -20606
50224 -22063
54636 -19835
55696 -18958
68253 -496
73259 10737
73760 11970
88436 37168
90040 40946
82378 25784
82979 26725
82844 26483
91600 44251
91396 43819
89348 39570
82095 25407
97025 55377
99299 61303
33607 89545
49602 85807
49747 85765
71118 80458
45757 87015
48869 86020
-55109 81124
-78900 81203
-90081 78820
-67408 82602
-83237 79970
-23342 80987
-25403 80604
-45225 80285
-48222 80530
-51502 80874
-84762 79573
534 -3582
1825 -13080
38 -1133
7 -237
15430 -21199
24607 -23293
62214 -10688
67253 -2192
71443 5972
64211 -7455
70878 4249
64093 -7651
93884 77414
99606 70628
88609 78758
98500 73246
16350 90771
-22719 81102
-83012 80036
35172 89242
87112 78949
49943 85708
47304 86553
98284 58081
89820 78536
89317 39486
49045 -22573
41194 -25152
56969 -17656
59839 -14746
361 -3059
32778 -24657
4879 -19242
9268 -20120
3478 -17009
1456 -9544
2004 -13898
48691 -22764
77024 19353
34828 89321
4218 88165
2076 87480
2635 87660
-26833 80302
-36079 79559
-18950 81647
20960 91041
65695 -5148
71269 5351
52770 -20993
57141 -17480
52483 -21151
49324 -22426
6294 -20014
19419 -22238
20195 -22501
1492 -9692
8571 -19591
9672 -20311
1475 -10269
1780 -6296
-63167 82341
-74788 82182
13 -331
1639 -11828
4307 -18595
49641 -22289
57736 -16920
55555 -19075
27025 -23483
49989 -22150
61196 -12583
48402 -22919
25272 90632
7131 88954
-2013 85969
-17969 81795
-1064 86322
587 -3718
15 -1503
3679 -17443
4673 -19081
26060 -23477
54079 -20226
42383 -25089
22458 -22945
24026 -23169
38669 -25533
46396 -23948
48964 -22614
16899 -21413
25179 -23386
33949 -25020
45546 -24260
42294 -25094
28232 -23589
28003 -23559
46872 -23722
85863 32332
53201 -20763
58324 -16389
61360 -12232
83750 28211
82559 26034
81315 24479
75784 17206
98160 57877
95034 50426
-1136 86297
-10968 82999
1875 87412
14097 90386
-21703 81292
-12748 82649
-1792 86055
-31294 79816
-89778 78861
-74199 82280
-44111 80231
-41520 80048
1462 -9566
12882 -20963
1113 -4900
7 -251
187 -2617
1 -3
-48085 80515
-36237 79557
71645 6604
72774 9534
84840 30685
77534 20079
90682 42300
91227 43465
94816 76674
83786 79164
17915 90956
-7354 84021
-7640 83937
2912 87754
5974 88663
81467 24631
76191 17989
17999 -21681
1442 -9500
1006 -4648
13631 -21063
23455 -23065
19461 -22252
11440 -20723
5760 -19909
8963 -19870
18152 -21742
34759 -25342
33587 -24899
75726 17094
72821 9643
88628 37559
91244 43500
74351 13592
74532 14073
72135 7973
68514 -79
57904 -16769
58966 -15759
64354 -7217
51153 -21756
51604 -21578
32104 -24406
67854 -1126
64048 -7732
63509 -8617
62964 -9485
71764 6921
96650 54572
96353 75257
99820 70214
91141 43272
36698 88857
26216 90516
24323 90730
28730 90277
26908 90461
16767 90837
20236 91058
-14342 82406
20163 91058
-17227 81938
-22096 81226
28098 90356
31022 89963
24545 90707
81114 79507
99390 61706
52690 84790
40211 88067
29413 90184
-24951 80702
-85217 79485
-87444 79086
-88332 79014
-84473 79630
1540 -10847
22502 -22949
26511 -23484
30764 -24030
33125 -24759
27764 -23535
1436 -8522
1584 -11070
6573 -19942
6698 -19944
1611 -11308
1454 -8795
-24480 80790
-52672 80943
-62434 82276
-40104 79864
-40611 79934
17051 90875
19131 91042
32929 89643
63671 81999
64596 81855
76560 80051
90725 78403
93081 77762
99669 70501
99205 60683
100065 65558
100315 67936
100115 66097
100102 69800
93055 77771
99611 71170
100095 66761
91047 43078
88091 78862
95202 76415
98960 72695
89530 78577
90480 78448
93488 47492
96574 54346
91542 44126
85951 32475
72913 9863
74191 13154
83726 28159
77289 19743
79001 21919
72371 8620
71457 6026
77981 20640
55376 -19228
57353 -17271
61986 -11054
60343 -13926
58446 -16266
60253 -14070
63243 -9052
63485 -8653
50900 -21844
84030 28838
88802 38042
92589 46112
100116 66228
92900 77815
99581 62729
100218 67575
98744 59043
96545 74998
95838 75879
67586 -1604
87136 34582
82442 25870
91452 43929
96312 53662
70212 2846
56221 -18464
53802 -20419
73396 11094
71252 5300
8057 -19413
12374 -20885
65800 -4954
20815 91042
53988 84431
40954 88022
81438 79472
93992 48222
-8980 83500
2281 87550
551 86890
1807 87388
52747 84775
92132 45405
86132 32764
92666 46230
99014 59896
71959 80386
62371 82283
39478 88167
38765 88313
15446 90599
-25699 80538
-45148 80281
-63414 82357
-79237 81103
-54167 81062
22867 -22985
29071 -23762
32505 -24565
16504 -21337
28883 -23722
51439 -21647
49797 -22225
59639 -14989
-25552 80571
1414 87238
50041 85674
49844 85737
91930 45027
92877 46558
88384 78814
92434 77933
95438 51578
96719 54745
52402 84876
54433 84321
-24096 80855
-87337 79100
-50550 80810
-24327 80813
-32072 79741
-33351 79622
-78842 81220
-82082 80306
-90141 78813
-80377 80748
-71976 82542
-61675 82159
-61612 82145
-51995 80909
-50472 80802
-51179 80854
21286 -22750
1864 -6647
2753 -15280
5595 -19814
7675 -19417
1685 -12282
9210 -20082
6168 -20029
28647 -23670
3910 -17929
25584 -23429
8424 -19500
4009 -18105
23844 -23136
25408 -23406
38803 -25518
39511 -25438
22706 -22971
82749 26321
90201 41261
96739 54787
100095 65836
77548 79944
100330 69472
99040 72580
92336 77961
49993 85693
86381 79020
96503 54156
83678 28057
91798 44727
93086 46902
88998 38620
95906 52785
97685 56867
99454 61971
98082 73665
85473 79062
88363 37016
99968 64687
92226 77996
98798 72896
98648 73069
86973 78960
81275 79491
64411 81893
4346 88205
3445 87926
11411 89902
93256 47162
90707 42371
66321 -3993
15325 -21194
32464 -24550
1475 -10233
1513 -10689
1486 -9649
5977 -19996
2764 -15304
4112 -18300
755 -4121
-65171 82450
-80535 80699
-65107 82448
-52590 80940
-69439 82602
-70367 82573
-4049 85159
20309 91056
30289 90062
95042 76505
82298 79371
95227 51004
100442 68419
88175 78849
97744 56989
85374 31593
100098 66989
94540 49320
93707 47811
95014 76521
94139 77252
80901 79530
89081 38854
83657 28007
38898 88281
35727 89125
-59676 81722
-35599 79567
-37914 79641
-72491 82488
-11252 82943
-4871 84864
7981 89156
-43417 80185
40587 88035
42991 87805
30887 89980
15661 90639
-70981 82586
-38311 79671
-37284 79595
-84647 79594
-82030 80318
-85497 79430
1460 -9554
4683 -19096
4220 -18475
-23 -642
1433 -5592
1077 -4816
26 -1634
4 -18
-83646 79842
-83295 79953
-89595 78884
7086 -19888
1804 -6347
-64050 82408
-58605 81511
10288 -20508
6050 -20009
11144 -20684
27573 -23514
7926 -19407
99148 60433
71512 80423
68837 80816
44682 87404
51068 85317
90313 78461
100180 67378
90328 41543
79040 21957
64453 -7043
88461 37217
99772 63445
99592 70661
94619 49490
92060 45278
89187 39124
87455 35166
83868 28473
91680 44425
91580 44208
99867 63974
73914 80225
98977 59757
97540 74166
96461 75124
99027 59961
70310 3038
67006 -2631
67827 -1176
70119 2663
1571 -11004
1523 -5764
-2086 85938
26678 90480
48064 86283
58825 83088
59366 82970
54779 84239
55007 84185
86627 78989
95367 51392
75670 16979
59948 -14589
62309 -10531
70522 3427
75989 17604
75474 16527
75587 16809
19076 -22111
32 -934
435 -3251
126 -2396
51450 85178
-6578 84264
-2234 85876
853 -4305
33205 -24785
97815 73916
99593 71453
53921 -20336
80343 23473
100121 66477
98346 73408
99556 62584
99216 60744
95017 50379
94126 48449
93202 47075
90832 42653
100209 67490
99479 62082
72073 80377
88439 78799
100108 69789
7739 -19412
11714 -20763
6880 -19923
30408 -23972
28509 -23643
56343 -18344
54270 -20090
59692 -14930
56711 -17926
43759 -24800
7589 -19463
2632 -15096
1625 -5955
1470 -9597
90890 78361
89625 78566
75489 80089
80015 79654
91772 78117
100104 65945
96657 74865
99617 70611
92261 45620
92900 46600
100436 68315
79521 79715
84179 79143
93418 77639
100457 69077
68493 80909
36186 89011
34222 89435
3641 87989
33950 89486
46381 86846
51400 85195
69336 80724
89721 78553
100081 65695
92978 46727
93788 77464
83985 79152
63853 81974
58466 83191
60036 82838
54894 84210
30356 90056
95159 50804
89893 40683
99614 71269
76616 80043
67009 81347
100446 68439
99969 69989
94877 76620
99488 71736
88553 78771
61563 82486
49797 85751
57635 83438
93003 46771
10 -159
1592 -11134
2218 -14369
3123 -16212
20412 -22554
1838 -6883
4234 -18493
15217 -21188
1689 -12311
-34729 79587
-10612 83073
17554 90931
45115 87228
76612 18702
84885 30772
74144 13030
74622 14298
18904 -22040
70976 4529
72653 9263
83916 28579
23371 -23049
42656 -25054
42249 -25097
66410 -3837
71387 5761
-11683 82865
-16747 82027
-41599 80058
-59456 81678
-91733 78596
-76630 81861
-84589 79608
-64494 82427
-84127 79711
776 -4165
14141 -21104
95884 52738
49049 85964
55748 83949
100456 68965
100409 69330
99988 64860
73649 80266
96121 53214
32586 -24592
40599 -25224
1406 -9309
1476 -10179
1615 -11329
17840 -21624
15984 -21260
11516 -20730
2989 -15792
3212 -16438
13430 -21047
7794 -19409
84252 29341
64115 -7612
70667 3759
68283 -449
68923 460
73665 11719
78611 21452
82124 25447
83117 26969
87357 34973
48218 -23019
1641 -11850
1737 -7138
7201 -19858
7940 -19409
7562 -19478
1774 -6277
-91554 78619
1828 -13109
4333 -18625
38320 -25572
48540 -22846
31083 -24095
38894 -25511
60418 -13808
25496 -23416
21973 -22872
30631 -24009
74553 14130
96816 54950
90078 78492
98367 58216
87260 34794
94859 49993
95952 52881
95402 51483
84009 28789
98696 58927
100004 65028
100027 69910
100447 68478
97503 56494
88512 37319
88646 37608
54950 84199
51744 85075
40462 88044
45213 87192
-21626 81302
-43183 80174
-44263 80240
-36400 79560
-2685 85691
22 -1611
-89410 78903
-72567 82480
1481 -10132
29589 -23846
52404 -21191
-62246 82252
-73976 82319
-47404 80433
12727 90167
90177 78481
87209 34707
81075 24250
75563 16755
88242 36754
80849 79537
55644 83977
92661 77870
96099 75542
99667 70510
5071 88411
-42542 80142
-2 -481
14597 -21146
1733 -12552
1663 -12046
1184 -5077
16978 -21429
40444 -25249
56064 -18622
78019 20688
71093 4855
66858 -2912
40157 -25305
37828 -25636
66916 -2799
70065 2550
90529 41950
94399 49018
59755 82897
47981 86313
57737 83405
56952 83635
506 -3482
7236 -19841
12727 -20938
1699 -12364
1446 -9512
7190 -19862
33547 -24887
29164 -23779
24908 -23354
24734 -23324
47062 -23618
63528 -8583
61881 -11241
63446 -8723
1482 -9642
1655 -11981
46515 -23895
51481 -21628
37698 -25646
8069 -19414
1914 -13571
1534 -9784
1654 -7523
15290 -21192
20455 -22565
7009 -19904
549 -3624
39 -1908
1409 -9326
-71693 82564
-69296 82602
-79566 81009
-39535 79790
-57823 81387
-45373 80291
-83469 79897
-90878 78732
1861 -6761
60326 -13954
94899 76603
91576 78175
90102 41062
88982 38570
92083 45320
72113 7920
67999 -880
51769 -21504
56314 -18372
61511 -11937
75614 16864
74975 15062
81848 25074
55063 84168
75266 80091
94421 49063
100113 66182
99654 70535
77490 79951
82767 79316
97075 74526
100068 69857
100043 65330
99866 70138
93880 48052
75755 17151
37616 -25650
2997 -15815
1518 -8004
15255 -21191
18232 -21773
1367 -5474
1474 -10345
52523 -21130
64763 -6544
-27323 80236
82503 25952
88757 37898
39722 88125
59311 82980
100230 67631
99595 70940
84031 79150
100383 68110
90573 78434
96157 75474
97273 74385
92083 78028
90632 78424
96717 74809
87346 78929
99448 71837
95715 76028
90990 78340
89918 78519
95230 76398
84526 29975
63961 -7881
57530 -17107
63801 -8135
65978 -4600
1441 -8666
34486 -25235
61817 -11376
99827 70204
100446 68458
86240 79033
42504 87896
50192 85618
51023 85331
55171 84137
98475 58424
93627 47693
87905 36039
45586 -24245
45756 -24185
84397 29688
16419 90781
19794 91058
20600 91047
44780 87368
47682 86424
90579 42061
78857 21752
80242 23350
80834 24011
88948 38471
97882 57274
89441 39784
83203 27136
81753 24947
96026 53022
98679 73030
96425 75171
96558 54299
95492 51722
55800 83935
49651 85793
62554 82239
50735 85429
45805 87001
50346 85566
82418 79358
92980 77793
98202 57947
92037 45238
94959 50234
85261 31425
20886 91042
-29530 80023
10809 89776
8785 89323
685 86940
-27535 80211
-25844 80503
-22176 81211
-26486 80367
-25919 80489
25775 90560
-2837 85631
-90447 78792
-73531 82379
-41363 80028
-37122 79585
-34811 79587
47111 86622
64915 81787
51694 85092
-81779 80384
-59749 81738
-40528 79922
1451 -8841
52987 -20877
39795 -25379
7 -878
1 0
-12 -760
1976 -13811
1490 -9678
9305 -20143
4195 -18437
1807 -6980
15771 -21229
36967 -25633
30364 -23967
45183 -24378
56097 -18590
42702 -25050
10791 -20607
2280 -14499
2480 -14859
46671 -23823
43922 -24768
36581 -25621
39687 -25401
30047 -23928
881 -4351
1272 -5289
13789 -21081
14449 -21130
7453 -19612
9132 -20029
4077 -18236
8782 -19737
76753 18927
73785 12034
79079 21998
95609 76127
89221 78635
97044 55418
99731 63315
38047 -25613
48 -1987
9 -1401
765 -4142
614 -3792
1535 -5786
32 -1775
1508 -9838
1501 -9876
9 -1380
1674 -12171
1410 -9340
22989 -23000
8168 -19422
3702 -17492
10372 -20521
1834 -6899
1461 -8300
1626 -7660
33832 -24974
49085 -22553
45797 -24168
30140 -23941
3961 -18019
6450 -19963
2710 -15211
1664 -7443
4 -67
11 -171
1468 -5655
5372 -19628
1448 -8872
11996 -20827
3202 -16414
5 -75
3284 -16604
81195 24365
15873 90677
30686 90007
-2161 85908
34562 89374
37415 88653
29277 90203
74189 80181
8636 89291
69281 80733
41431 88002
31770 89830
37282 88688
45511 87086
46526 86804
3705 88010
-29084 80075
-53831 81038
1766 -7073
426 -3226
-54594 81086
-49443 80678
-59604 81708
-66780 82571
-85046 79517
-90324 78800
-82742 80108
32930 -24701
20069 -22467
21927 -22867
1533 -9746
4703 -19120
5555 88545
50687 85445
18484 91001
-29381 80041
-12459 82708
-12898 82625
-15759 82193
-19111 81626
-17889 81810
-34407 79591
-41441 80037
-86332 79264
-79891 80910
41668 87989
34155 89449
21990 90980
-62 86669
-12315 82738
12507 90125
-7138 84081
-6368 84332
-3591 85340
87758 78895
100454 68884
100390 68127
96597 74930
80281 79609
69447 80703
54209 84375
70248 2920
23498 -23073
38712 -25526
12573 -20909
6326 -20010
1493 -10610
4645 -19042
8540 -19567
9112 -20013
2970 -15732
23539 -23080
3312 -16675
2917 -15582
18731 -21968
1746 -12633
1800 -12935
7549 -19491
1030 -4712
1631 -11554
2600 -15052
-78361 81373
1840 -6473
2680 -15165
4272 -18545
1865 -6630
3590 -17250
1653 -11957
4712 -19133
3655 -17398
7965 -19411
8362 -19469
1713 -7224
4891 -19250
2571 -15009
17717 -21584
16465 -21328
21799 -22849
3984 -18063
1442 -8919
86595 78993
98033 73712
47063 86638
8861 89341
-486 86519
48595 86106
78891 21793
96665 54616
100125 66398
99077 60179
99176 60556
99662 70518
99877 64038
62778 -9754
65166 -6015
84313 29489
72751 9482
82312 25697
65929 -4700
84998 30989
42518 -25073
47857 -23200
55870 -18813
56369 -18314
1630 -11677
8948 -19856
100106 65989
100084 65717
100044 69890
87333 34927
64556 -6877
60436 -13776
62500 -10172
61181 -12612
54490 -19945
52281 -21256
52857 -20947
61666 -11649
53029 -20854
6243 -20021
13511 -21055
8916 -19829
12336 -20880
46989 -23660
70785 4022
58292 -16419
61067 -12808
59397 -15246
41955 -25111
89206 39167
68062 -783
72892 9808
66034 -4499
75127 15456
65566 -5380
52008 -21395
56867 -17761
54748 -19745
61114 -12722
63867 -8026
53960 -20311
64657 -6710
59452 -15190
63282 -8989
60005 -14500
94462 49149
73585 11533
-14188 82424
-5093 84777
-15534 82224
15235 90561
20090 91058
20745 91045
18913 91034
2423 87590
-14864 82332
10516 89710
-6157 84401
17409 90919
-63352 82353
-30355 79907
-56528 81223
-37443 79603
-4273 85078
-42702 80150
-38719 79703
-49584 80699
-66034 82516
-63049 82330
-70156 82574
1419 -9416
999 -4628
1439 -8491
1674 -6041
329 -2993
-19 -706
27 -1728
-14033 82441
-17475 81888
-28190 80145
9572 89491
51954 85006
21173 91032
-45075 80275
1707 -7240
-42865 80159
-33272 79626
-70770 82582
-31600 79785
22444 90934
-76242 81942
-61737 82169
89497 39914
92826 46475
59345 -15299
-49238 80646
73211 10617
79676 22674
77120 19503
74872 14840
76577 18645
97223 74420
95495 76221
99118 72465
100398 69359
99403 71926
91965 78064
60901 82648
46573 86788
92562 46070
92744 46354
94085 77290
92525 77910
36827 88821
100406 68174
96581 74952
100337 67993
98792 59162
90655 42233
95863 52691
59588 82929
15165 90549
-44336 80245
-50942 80840
-31056 79840
-72122 82528
1280 87186
71468 6078
89423 39742
70418 3235
89539 40004
99870 70127
41964 87967
59145 83014
48960 85989
33007 -24723
32018 -24376
28599 -23661
61376 -12201
83963 28684
88264 36804
89699 40312
85516 79061
94796 76694
99528 71648
1994 -13870
7071 -19891
1596 -11173
7303 -19795
1480 -10560
5081 -19376
7978 -19410
9925 -20400
9619 -20292
74076 12844
71804 7024
75495 16586
81234 24404
85724 32101
90721 42405
80521 23681
72311 8463
78927 21834
90122 41101
65289 81708
75544 80091
30422 90045
57271 83547
72641 80330
42140 87950
72361 80350
40525 88041
91124 78310
86054 79056
94035 77324
96087 75559
99568 71527
84585 30120
5019 -19330
21 -1225
38366 -25568
-83526 79879
9030 -19935
29447 -23821
20850 -22651
8274 -19439
4694 -19109
1495 -9695
1866 -6680
993 -4604
11930 90016
69723 80664
79118 79759
76332 80067
53253 84616
70030 2474
63381 -8825
59885 -14681
63892 -7992
71514 6234
43722 -24810
37870 -25630
38412 -25563
5882 -19963
42 -988
-38882 79717
-32312 79719
-5813 84513
-50241 80777
-71550 82571
-91245 78667
-46858 80390
-68101 82610
-71761 82559
-90693 78761
-88965 78955
-63986 82403
6338 -20004
393 -3130
86523 79002
100081 69836
88889 78696
96128 75507
81771 79434
99862 70152
93792 47930
58104 83290
92926 46642
99497 62182
99873 70122
99632 70580
90513 78444
88265 78836
87476 78917
94797 49848
83844 28421
70961 4482
70084 2588
60454 -13746
-19433 81585
-45447 80297
20501 -22577
32147 -24421
48253 -22998
36330 -25616
41119 -25160
28463 -23636
31524 -24224
-47066 80403
-62557 82287
-62680 82300
-63541 82368
-86276 79275
-89657 78877
-66437 82551
-62307 82263
-72938 82442
-39291 79764
-18131 81765
-9968 83229
-7209 84062
67099 -2466
60200 -14162
62291 -10564
52201 -21297
82618 26120
90276 41423
95545 51869
98809 59201
99589 70813
93686 77510
89654 40225
77196 79985
99048 60052
99902 64229
74695 14462
87407 35070
99638 70572
100455 68679
99567 62654
99639 63017
82933 26645
85553 31843
8 -136
23330 -23041
51234 -21726
48291 -22979
65133 -6057
61950 -11114
64028 -7769
50065 -22121
50661 -21929
19709 -22335
1420 -5571
1659 -7484
14669 -21151
5204 -19452
99770 70307
97598 74109
99680 70486
99419 61818
90141 41140
68707 178
60516 -13654
73419 11156
63717 -8273
99086 60211
93737 47850
55334 84086
-845 86394
-81523 80445
-76044 81980
-86668 79197
-70501 82571
-80163 80819
1731 -7156
-90940 78720
-61103 82042
23359 90832
6695 88850
72436 8779
-11396 82918
71484 6132
56427 -18255
61458 -12038
62383 -10401
63159 -9186
37013 -25633
52605 -21088
47025 -23640
62101 -10873
45144 -24388
41875 -25117
2557 -14990
3075 -16059
12844 -20955
5356 -19608
5061 -19357
1147 -4991
1663 -6020
-40947 79978
1291 -5333
56 -2038
34 -1166
1698 -6085
15461 -21202
54000 -20282
63046 -9353
66546 -3579
65071 -6137
83094 26928
77253 19694
73472 11282
43006 -24991
12 -315
2143 87505
-34646 79590
-10753 83043
-62371 82270
-84184 79697
-84531 79618
-83125 80003
-76944 81786
-84820 79562
-80953 80580
9221 89419
-54936 81111
-31834 79764
88838 78705
100456 68773
100053 69881
99912 70052
98131 73618
87763 35731
90595 42095
54042 84417
53369 84586
22596 90915
-83068 80019
-68803 82615
-61425 82107
2122 -14182
7556 -19486
1537 -9769
519 -3533
30321 -23962
3448 -16942
23163 -23020
24432 -23248
2957 -15689
-69082 82610
-69584 82598
-69223 82603
-62180 82243
-16210 82119
13591 90306
59644 82917
-26764 80315
-31445 79801
-47885 80487
-77245 81708
40561 -25231
21159 -22718
9646 -20301
1475 -10215
93765 47891
96228 53462
89458 39828
99920 64319
95294 51202
96794 54908
92717 46312
53081 84665
-20695 81426
-35363 79574
35997 -25598
27665 -23526
29211 -23786
50543 -21962
48504 -22864
41756 -25123
49245 -22468
30901 -24056
4050 -18192
10170 -20481
32892 -24691
35619 -25548
34964 -25414
73714 11843
73692 11782
67665 -1459
39321 -25470
1487 -10070
25969 -23471
22948 -22994
24116 -23186
13001 -20984
17181 -21463
85177 79070
95258 76381
88149 36551
75219 15743
14458 90441
43820 87637
45019 87267
48821 86034
23723 90788
45660 87042
62618 82224
22065 90972
1940 87437
76923 19201
83939 28632
84333 29539
5836 88625
2007 87460
-32631 79687
50641 85462
10367 89674
-1939 86000
7840 89125
29815 90126
-20539 81447
-75977 81991
-75911 82000
-49942 80747
44545 -24620
5311 -19561
4247 -18509
9151 -20045
2425 -14748
1443 -8441
38456 -25558
32544 -24578
56902 -17724
60796 -13248
1544 -10868
85981 32522
67506 -1743
65851 -4852
75454 16471
63976 81958
50877 85381
31564 89864
46722 86744
-13337 82542
8197 89203
24983 90667
-19511 81578
-12823 82635
-60771 81971
-40186 79874
-53667 81022
-14418 82396
-34085 79595
-7068 84104
48727 86065
27438 90421
71174 80451
43050 87796
52233 84922
94681 76810
89690 78558
100289 69514
88356 78820
95694 76048
99380 61667
99330 61453
89951 78513
86451 79010
100303 67900
93909 48092
86820 34011
80177 23269
62022 -10993
69134 725
69981 2357
62736 -9811
65364 -5737
61016 -12899
53157 -20784
41795 -25121
54525 -19918
68425 -214
96682 54662
95927 52832
97155 55676
34696 89347
59419 82960
60722 82689
66256 81506
67619 81178
65041 81760
39289 88203
84095 28991
95740 52403
87610 35448
84790 30597
90848 42692
89847 40604
98467 73282
100453 68917
92254 77988
95822 75900
97832 73901
88790 78717
88034 78872
72804 80324
96169 75456
97388 74290
100457 68831
92387 77945
90758 78396
87728 78896
30090 90088
-35679 79567
-2536 85753
-6647 84241
-13414 82527
-34004 79597
34761 89333
40148 88073
46092 86927
9358 89448
10221 89641
65227 81721
52009 84986
-19275 81604
7205 88971
45710 87028
7059 88936
78716 21584
79895 22928
1694 -7312
1209 -5140
1754 -6214
-36883 79575
25345 90620
87381 35021
87789 35780
46357 -23963
52730 -21019
53604 -20540
58225 -16479
54671 -19805
63674 -8341
71587 6444
61766 -11479
50026 -22135
15877 -21245
6212 -20024
9061 -19967
2180 -14287
27 -1702
2530 -14947
1557 -10936
1750 -12658
66265 -4096
60557 -13595
59929 -14619
83701 28107
87087 34497
93534 77577
99611 71363
94738 76750
89251 78627
54492 84310
-6018 84443
1546 87288
1348 87211
-18293 81739
5 -36
2800 -15364
1015 87076
-10684 83058
-41033 79990
-82902 80066
-75579 82059
7388 -19705
10427 -20529
47249 -23517
42338 -25091
32350 -24504
25227 -23388
37742 -25643
59177 -15506
-48962 80607
-60577 81927
-91003 78710
-89029 78948
-69153 82607
-46229 80348
1788 -7027
73055 10211
74442 13839
73099 10327
64428 -7088
66179 -4244
79928 22970
78303 21045
95209 50952
86891 34146
74820 14731
80915 24092
71913 7349
99796 63542
93441 77629
92637 77878
100095 66828
98165 73585
69612 80679
100112 67083
99008 72624
87380 78927
87144 78948
67910 81083
75055 80098
68319 80956
50242 85600
53658 84517
13804 90337
-13189 82569
-2458 85782
43705 87664
42626 87876
19870 91059
32863 89654
79001 79778
77896 79912
72303 80353
63235 82085
32728 89674
66698 81413
60663 82703
49226 85912
61440 82517
88297 78829
91349 78245
97101 55545
100383 69390
99712 70427
98636 58775
99094 60243
99896 70077
98666 73052
100457 68981
82356 79364
93297 77686
76502 80056
10294 89657
-30662 79875
-30820 79862
-16515 82069
36509 88914
47256 86571
43230 87762
57219 83563
48684 86078
48152 86252
90865 42730
100232 67652
95898 75803
73542 80281
96858 55032
99826 63679
100144 67237
100443 68382
100106 66644
43411 87727
27955 90377
-38391 79678
-65629 82478
-89899 78841
868 -4326
33746 89522
1716 -12471
7270 -19821
36750 -25627
56540 -18127
41994 -25111
45105 -24402
-45002 80269
-58141 81433
-76307 81930
-91309 78657
-70703 82577
-84007 79744
-11467 82905
-13565 82504
-772 86418
36893 88802
70343 80577
85817 79056
87179 78944
92764 77844
82002 79402
-3822 85247
-25253 80640
-47819 80481
-18052 81781
2567 87637
-13043 82596
8865 -19794
3148 -16291
1434 -8575
16 -899
-14791 82342
-64619 82430
-70228 82572
-77307 81691
-69800 82590
7491 89042
39198 -25485
30674 -24017
91832 44810
80411 23554
91208 43427
82217 25573
83158 27052
90388 41656
93370 47328
44272 87529
48773 86050
88997 78676
67559 81195
77660 79934
92456 77927
96008 75662
96758 74775
20153 -22489
24778 -23332
1602 -7744
5904 88645
-4575 84973
-27678 80196
-41282 80020
-48696 80583
-33675 79604
32186 89764
21101 91034
99561 62620
99593 70761
100226 69595
6334 88762
62866 82169
69224 80740
70175 80606
47544 86474
85692 79057
99597 70643
82536 79345
85651 79059
92397 45825
94311 48828
88028 36297
3510 -17069
8898 -19816
5775 -19919
4666 -19068
1555 -10912
1408 -9083
714 -4032
81384 79479
99501 62216
96252 75368
100453 68579
93129 77744
80124 79636
88866 38233
70895 4296
69541 1349
71605 6496
77497 20030
84904 30816
89720 40356
87930 36092
88665 37656
95176 50852
97447 56373
93637 77532
98979 72670
85898 79059
80068 79643
79849 79677
68950 80790
99250 72226
94639 76846
91380 43784
84564 30070
35702 -25562
25710 -23446
4542 -18906
3302 -16650
12145 -20854
15067 -21177
27343 -23497
34825 -25366
31392 -24183
7631 -19428
1061 -4776
-56281 81203
-78485 81332
-72792 82460
1960 -13755
1534 -10800
1743 -12606
1838 -6459
1452 -8388
1529 -7977
10346 -20517
1402 -9190
1489 -5696
1861 -13324
-7931 83854
-8352 83717
-80691 80656
-51022 80845
-76108 81967
10 -1326
93 -2286
29731 -23869
65666 -5195
67426 -1888
67128 -2410
57040 -17584
59720 -14899
58196 -16509
57999 -16681
63223 -9085
71059 4761
72330 8515
93339 47285
95111 50660
99629 62985
72550 9047
70592 3593
99944 64500
98001 73744
100124 69764
98221 57982
95821 52596
91361 43748
99138 60400
91297 43604
90295 41463
70648 3717
59272 -15386
85583 31884
80141 23228
66208 -4194
58031 -16653
8022 -19413
1820 -13049
39652 -25411
99221 60776
100296 67878
97435 74252
99284 61232
99480 71756
99775 70288
80106 23185
78056 20732
65490 -5517
73831 12160
70353 3117
86718 33826
93173 47031
90989 42962
100175 67359
99614 71306
95395 76295
96200 75422
100201 67451
100414 69316
90955 78348
99560 71560
100402 69345
93599 47653
60289 -14011
68485 -121
70439 3271
72393 8673
94061 77307
91608 78165
98451 73299
78444 21220
19543 -22282
41036 -25165
63589 -8480
64377 -7174
58879 -15847
31565 -24236
49563 -22320
20368 -22540
40878 -25188
44272 -24695
54823 -19686
24163 -23194
22371 -22933
9893 -20389
3890 -17887
2873 -15496
2255 -14449
40638 -25218
84355 29591
79999 23056
71626 80415
91022 78333
11476 -20726
10938 -20645
10508 -20542
14920 -21165
1451 -8738
1793 -7012
4 -14
68161 -639
70611 3634
76047 17714
77391 19887
86989 34323
97374 56214
97003 74573
93486 77603
93711 77501
89982 78507
87883 78884
100110 67064
93933 77387
94467 76997
60093 82825
55438 84049
67853 81102
90927 42843
73873 12286
77154 19551
75902 17429
94199 48591
96779 74758
78645 79831
25127 90652
35451 89183
98833 72856
94856 76638
85004 79074
64850 81802
69499 80695
98592 58664
99172 60526
99519 62348
84081 79146
100456 68866
86730 78978
81715 79441
98607 58702
97303 56055
88896 38327
83049 26847
100455 68932
96371 53812
1907 -13540
9 -427
1454 -8370
1684 -7348
8798 -19751
26420 -23485
27114 -23487
46752 -23782
37235 -25643
25540 -23423
20282 -22519
3017 -15903
9343 -20164
1441 -8456
14994 -21172
5845 -19951
4982 -19306
1497 -9701
-5312 84693
2495 87612
1230 -5182
-71834 82553
-62619 82295
-82586 80156
-47544 80449
-51911 80904
-44856 80264
-47336 80426
22748 90899
2231 -14398
1703 -7258
32427 -24534
29494 -23829
16091 -21277
18774 -21986
5321 -19571
-88703 78982
-25990 80473
-7571 83959
-77067 81757
-86109 79310
-73606 82371
3 -57
3007 -15860
3377 -16792
3487 -17029
43640 -24829
20543 -22588
23715 -23109
12612 -20915
3400 -16835
11755 -20772
10591 -20560
6125 -20025
33986 -25033
57967 -16712
70332 3079
49601 -22306
62676 -9896
57599 -17045
59967 -14559
56773 -17861
46155 -24039
70993 4575
63025 -9387
54195 -20144
27863 -23545
55767 -18902
38002 -25618
48614 -22806
43303 -24915
57934 -16740
81115 24287
76253 18102
99609 71113
99592 70912
100309 67919
96854 74695
98485 73262
100358 68045
99058 60083
100272 69536
99591 70894
99609 71095
100457 68756
92547 77906
91057 78323
100095 66783
80645 79560
59700 82906
4154 88145
21539 91013
28168 90348
16079 90718
14815 90496
-1719 86085
-42069 80109
-79731 80963
-59078 81603
-39129 79745
-32551 79695
1316 -5378
1193 -5097
1886 -13447
5401 -19660
13075 -20996
1093 -4856
67558 -1652
69744 1790
65008 -6216
38626 -25538
40077 -25325
35866 -25585
-43955 80219
-24 -681
-24 -669
26150 -23481
49003 -22595
23031 -23004
33373 -24832
3858 -17827
6980 -19908
5049 -19349
96292 53612
99850 63845
87281 78938
35382 89198
26599 90485
21465 91018
-1648 86112
-10540 83089
-31990 79749
-89839 78852
-50165 80770
27513 90417
6261 88742
12147 90057
36571 88893
-77561 81617
35297 -25501
5274 -19519
1525 -9732
137 -2444
1736 -6173
1239 -5202
17 -1526
-5 -824
1706 -6106
1041 -4734
1474 -9606
444 -3277
1666 -12118
1695 -12336
8732 -19699
8522 -19558
22826 -22982
23625 -23093
1474 -10363
2083 -14109
4511 -18868
7414 -19667
5347 -19599
6435 -19970
50620 -21939
55935 -18753
41316 -25145
29911 -23905
8191 -19421
11675 -20755
6101 -20022
7597 -19454
1456 -8782
1068 -4796
80070 23144
77425 19935
84229 29292
90444 41767
99591 70713
97657 74054
85218 79067
100390 69375
95632 76110
97773 73949
98823 59238
98180 57912
77187 19598
70268 2960
62861 -9639
36040 -25600
20806 -22641
16055 -21270
16619 -21358
26746 -23479
42080 -25108
61898 -11207
73739 11907
75273 15912
85174 31294
69599 1475
63779 -8169
67223 -2248
-37755 79629
17263 -21478
21582 -22812
5539 -19774
7868 -19409
52164 -21316
90562 42026
99649 63051
73010 10096
54309 -20064
61442 -12071
1476 -5677
1495 -9949
1438 -8948
1472 -10286
97794 73935
78769 79814
42685 87864
71895 7292
62178 -10750
30001 -23920
8236 -19429
1801 -6998
5962 -19991
5671 -19865
2949 -15668
4634 -19027
8 -113
64631 -6753
63984 -7843
64283 -7340
24998 -23368
47788 -23233
50501 -21973
46712 -23803
83139 27011
6189 88722
17264 90904
45854 86988
41907 87974
93654 47732
87235 34751
77432 79957
-8072 83810
-556 86496
27289 90436
11263 89868
1675 87340
72015 80383
73432 80292
96878 55075
82186 25531
70483 3348
70838 4156
49164 -22510
12069 -20841
-88833 78969
-82231 80266
14 -346
1405 -9246
4992 -19312
5160 -19424
5746 -19902
25626 -23434
22542 -22954
46276 -23997
52088 -21356
57003 -17619
61302 -12367
90695 42335
90752 42477
74846 14786
73120 10385
18988 -22078
13752 -21077
10761 -20602
5291 -19537
1483 -10100
7257 -19829
4441 -18767
2387 -14682
3440 -16922
25273 -23392
7381 -19712
8647 -19636
7366 -19732
-88210 79022
-80744 80640
14672 90475
48107 86269
33883 89497
57480 83486
38362 88412
32325 89739
36056 89045
63423 82044
40709 88029
86094 79052
97559 74147
97581 74129
99727 70406
100423 69288
97541 56577
48549 86120
98067 57687
93113 46943
99942 64469
100027 65228
96539 54253
39227 88215
-31216 79825
-8839 83548
4092 88127
98549 73188
92615 77886
100095 66848
89435 78594
88664 78745
43879 87625
45312 87155
25559 90589
73079 10270
81579 24748
74330 13529
95143 50756
84766 30553
29399 -23815
2399 -14703
1575 -11028
3794 -17672
89383 39654
88537 37366
86743 33872
84186 29188
86433 33286
79639 22630
82775 26359
72076 7816
35784 -25573
73851 12223
68192 -592
50263 -22050
44913 -24472
48366 -22938
3082 -16082
3431 -16900
50420 -21996
51930 -21430
34622 -25290
4800 -19194
6077 -20017
1665 -12094
1722 -12498
5528 -19768
498 -3456
11 -402
289 -2894
1281 -5312
12362 90100
40273 88060
48195 86238
40918 -25181
39283 -25478
52903 -20922
63654 -8376
58131 -16565
44652 -24576
36665 -25624
31039 -24085
1475 -10250
42474 -25078
38937 -25509
71109 4904
62616 -9986
61688 -11613
37533 -25650
34344 -25177
37491 -25652
50106 -22107
62344 -10466
48844 -22676
71009 4623
76822 19039
85463 31716
18769 91023
74 86715
-78424 81352
47403 86520
65311 -5820
29820 -23887
11485 89920
-37044 79581
-20772 81415
-18376 81726
-65765 82489
-91431 78638
-68448 82616
-79014 81169
-85553 79417
-78544 81311
-79181 81120
1475 -10198
1709 -12443
31174 -24118
70099 2626
67480 -1792
100117 66294
99600 70973
82709 79325
93558 77565
96114 75522
99647 70556
98363 73390
97635 74073
94260 77165
59814 82885
4872 88355
61625 82468
52516 84842
-14494 82386
10662 89741
-19828 81542
-24638 80764
-30898 79854
-7858 83876
16145 90733
-39774 79820
-30200 79925
-67269 82595
-61234 82069
14485 -21132
4812 -19201
5249 -19492
3936 -17973
6822 -19936
5431 -19693
15180 -21188
7410 -19676
10140 -20472
7711 -19413
16541 -21345
51025 -21801
64913 -6339
98852 59313
92506 45990
65441 -5609
68739 222
80794 23972
76889 19147
32625 -24606
33752 -24947
83025 26808
85317 31510
95068 50521
66572 81441
39847 88111
42024 87964
-18785 81667
-24173 80840
18525 -21884
47098 -23601
2042 -14008
9 -1362
2135 -14207
4409 -18721
7527 -19511
5409 -19674
13552 -21057
1539 -9750
2 -29
3549 -17148
36541 -25622
94755 76729
99856 70164
100153 69720
99103 72488
85561 79059
86835 78970
90220 41301
99593 70697
98993 72647
96738 74791
99145 72418
71233 80447
68262 80970
52459 84860
89607 40135
95192 50902
97931 57389
100220 67593
93285 47203
86942 34234
99841 63780
98921 59536
94049 48313
93057 46858
99509 62280
97915 57349
50780 85413
38699 88330
16840 90848
54319 84346
48373 86178
44585 87439
7881 -19407
1458 -8335
567 -3669
1814 -6966
6310 -20012
21753 -22844
70538 3469
46238 -24010
44158 -24721
26699 -23481
16659 -21365
1579 -11048
1928 -13632
1621 -11390
1808 -12992
2492 -14881
12 -1307
1406 -9101
1328 -5402
1559 -7898
13268 -21026
67748 -1315
63262 -9019
53286 -20722
50303 -22036
47927 -23166
33871 -24989
15698 -21221
-13802 82472
-41992 80100
44161 87558
28661 90289
4542 88265
-20145 81499
52290 84907
-13263 82555
-59000 81585
-65565 82475
-90200 78808
-86441 79243
-74270 82266
-65364 82459
23578 90806
19274 91049
30488 90037
9080 89388
23796 90780
14600 90465
14025 90372
-56035 81184
27060 90450
16628 90815
-16134 82134
38225 88444
87557 35355
64140 -7572
61260 -12461
45875 -24137
8981 -19883
13906 -21089
62 -2117
-85101 79505
-21 -694
28280 -23597
44877 -24489
65749 -5051
62433 -10305
-18619 81692
-58062 81421
-65899 82502
-42304 80128
-22799 81085
-23266 81000
-23 -629
57839 -16830
40677 -25211
79751 22761
80595 23767
99364 61597
99270 72180
98305 58113
97337 56133
98048 57651
80698 79555
87791 78893
83887 79155
56898 83648
49317 85889
75201 15684
55836 -18842
60726 -13340
73301 10855
67882 -1079
92449 45910
100116 66249
95050 50473
89976 40833
88339 36963
99411 61782
99595 70926
56787 83674
55117 84155
11254 -20699
6197 -20026
4430 -18752
5518 -19760
9449 -20218
7652 -19423
9954 -20411
3805 -17697
5714 -19889
10201 -20488
14373 -21123
7326 -19777
7781 -19409
13 -1273
44 -1062
29 -1180
79601 22586
92951 46684
91328 43676
-28042 80158
683 -3962
-75080 82141
-56609 81232
-37676 79625
-81005 80566
-80000 80877
-77623 81598
-89283 78919
-88577 78996
-55700 81157
-58218 81445
-67968 82611
-85996 79333
-76883 81800
-82847 80077
3158 -16316
-83885 79779
1434 -8556
15805 -21236
5268 -19509
4521 -18881
5149 -19417
8346 -19462
16777 -21389
43800 -24794
22063 -22882
1838 -13167
3644 -17373
4789 -19190
10877 -20631
4903 -19256
27 -921
1830 -6411
12 -1438
-10 -524
28554 -23654
27250 -23493
6355 -20000
34452 -25220
7514 -19528
1645 -11872
12804 -20951
10399 -20527
24561 -23283
31480 -24211
24952 -23361
43479 -24869
50740 -21902
15913 -21250
5240 -19482
5126 -19405
8104 -19418
1679 -12227
1420 -9028
7150 -19875
2411 -14728
47963 -23147
1403 -9172
-63731 82387
-45298 80288
-45663 80314
-11826 82835
-87556 79070
-80109 80838
-74491 82229
-75296 82106
-63228 82344
-30123 79934
-51583 80880
-77496 81634
1936 -13664
1460 -8319
14847 -21161
1539 -9762
99591 70677
99602 71417
96408 75195
96443 75148
49556 85822
92113 78021
39786 88118
57687 83424
87077 78953
100111 66033
99160 72396
99607 71399
100153 67280
100421 68246
99457 71816
92874 77819
97319 74348
100093 66889
100010 65083
72529 80336
43529 87704
59198 83003
40337 88053
51276 -21710
64710 -6626
53564 -20562
62040 -10960
60363 -13897
58571 -16147
64884 -6379
65195 -5976
54862 -19654
44507 -24633
47356 -23454
71402 5814
69013 577
72457 8832
69222 836
63633 -8410
60400 -13837
63360 -8857
58354 -16358
56743 -17893
57319 -17305
46833 -23742
99955 70006
99593 70667
96797 74742
92737 77851
94398 77051
94444 77017
100193 69648
97479 74216
96916 74643
98507 58491
99593 70771
100119 66515
91512 78196
61749 82435
83283 79239
81008 79518
75652 80091
86800 78972
98950 59648
95685 52261
97004 55335
84075 28941
35495 -25533
1536 -9748
1444 -8905
21028 -22683
10050 -20445
1435 -8606
68435 80924
73809 80244
30022 90095
5488 88526
88118 78858
93179 77728
1675 -12200
25923 -23466
44581 -24605
46073 -24068
-43723 80203
90048 78498
92926 77808
100455 68700
91708 78138
82826 79310
89079 78664
91936 78072
83440 79213
84407 79130
80386 79594
96675 74845
80331 79600
91643 78157
65480 81665
57531 83471
50926 85366
-46021 80337
-44560 80251
-39614 79802
16487 90794
75255 15854
73640 11655
71416 5866
83002 26768
75433 16415
85834 32285
84642 30269
77957 79906
83540 79198
72244 80361
64684 -6669
87532 35307
58516 83176
73372 11034
93430 47409
81876 25115
85432 31674
72096 7867
74305 13467
81274 24441
84139 29090
91413 78225
91219 78283
48460 86149
22980 90871
-12604 82678
-2611 85722
100452 68527
98518 73228
95444 76259
81884 79418
98728 59005
70725 3887
11561 89938
18556 91009
22290 90951
28520 90306
13447 90280
78542 21360
66976 -2685
68954 502
2361 -14640
