# distance=3141
-2 -5
-4 -10
9 -20
6 -19
10 -18
13 -16
20 -20
13 -27
18 -37
23 -39
22 -44
15 -46
12 -54
3 -54
-3 -54
-1 -63
1 -65
5 -63
10 -65
13 -60
1 -48
-6 -42
-13 -31
-18 -31
-20 -26
-20 -22
-15 -16
-13 -16
-6 -23
-7 -28
-3 -29
-2 -20
-7 -14
-13 -6
-16 2
-9 6
-8 6
-2 8
4 6
7 8
8 14
14 17
14 11
13 4
19 -6
15 -8
14 -8
21 -13
24 -12
32 -20
36 -20
33 -23
25 -32
30 -31
31 -31
35 -30
34 -36
34 -40
44 -45
53 -44
64 -43
55 -51
55 -53
47 -60
43 -56
42 -57
40 -58
38 -56
37 -49
32 -59
23 -55
27 -70
28 -72
32 -67
43 -71
47 -74
30 -75
22 -86
27 -86
28 -88
33 -97
38 -89
39 -85
41 -83
47 -94
45 -94
57 -96
47 -82
51 -82
55 -84
61 -78
62 -68
63 -62
63 -57
67 -61
73 -59
75 -61
82 -63
81 -66
79 -67
81 -74
86 -80
82 -83
78 -83
71 -80
73 -75
75 -74
82 -92
85 -90
86 -90
87 -99
97 -97
92 -91
96 -81
100 -79
94 -71
93 -66
98 -61
99 -54
87 -54
88 -47
97 -46
95 -44
98 -32
93 -35
93 -33
92 -29
88 -27
93 -22
78 -7
70 -10
69 -7
60 -12
58 -7
56 4
49 0
44 8
44 10
37 10
33 15
38 23
27 17
23 13
22 9
25 8
28 -3
29 -6
34 -7
39 0
39 -6
47 -11
48 -11
56 -19
53 -26
47 -32
59 -20
64 -19
59 -23
63 -28
64 -29
67 -32
77 -49
79 -41
75 -30
76 -23
94 -5
92 -4
98 2
93 1
81 13
69 17
58 17
58 20
50 24
53 30
58 36
58 38
61 41
64 38
65 37
69 40
84 38
91 35
81 50
91 59
93 56
90 54
92 52
95 52
99 58
99 59
97 80
99 93
94 91
84 94
77 98
79 88
75 86
52 100
45 96
34 97
21 86
23 87
30 81
35 81
38 82
41 80
47 83
53 79
58 85
64 75
81 76
85 76
81 73
87 73
94 68
81 61
73 54
64 60
57 65
44 58
44 56
43 52
47 46
49 51
53 49
57 51
61 46
52 38
44 39
36 40
37 38
36 33
30 36
28 38
27 40
25 45
24 54
26 56
28 58
23 61
34 71
29 67
25 72
21 72
19 74
10 70
4 71
3 68
-2 70
-12 61
-9 65
-14 72
-21 68
-22 62
-14 55
-10 53
-4 60
0 58
10 62
11 57
9 55
9 58
6 56
4 51
9 50
3 44
8 43
12 36
20 32
20 34
10 26
10 25
2 24
-8 26
-7 29
-9 31
-12 37
-8 45
-10 50
-13 48
-19 42
-19 34
-24 28
-18 24
-24 14
-27 15
-30 11
-37 7
-23 -1
-20 -3
-20 -6
-29 -12
-34 -18
-35 -20
-30 -23
-36 -30
-42 -33
-29 -44
-26 -42
-21 -40
-15 -41
-13 -50
-17 -54
-10 -52
-12 -55
-13 -57
-4 -66
1 -78
8 -88
13 -81
14 -84
21 -90
17 -96
8 -98
-2 -98
-4 -92
-18 -84
-27 -83
-27 -90
-20 -95
-22 -100
-33 -96
-37 -95
-44 -93
-56 -92
-64 -93
-67 -96
-72 -94
-78 -96
-83 -92
-85 -89
-82 -82
-82 -81
-85 -80
-92 -85
-92 -84
-96 -80
-99 -80
-99 -74
-92 -71
-92 -67
-94 -66
-97 -59
-96 -55
-92 -50
-97 -46
-94 -42
-92 -34
-92 -33
-100 -28
-100 -25
-92 -22
-78 -13
-83 -16
-73 -26
-69 -26
-66 -27
-68 -30
-68 -33
-83 -40
-86 -48
-81 -50
-86 -60
-84 -67
-77 -63
-76 -67
-73 -71
-73 -72
-80 -75
-81 -77
-82 -79
-75 -87
-69 -77
-69 -76
-71 -71
-66 -60
-67 -65
-62 -71
-64 -71
-56 -81
-49 -84
-45 -82
-38 -88
-34 -88
-37 -83
-37 -73
-35 -71
-35 -72
-31 -75
-25 -64
-25 -59
-28 -57
-31 -56
-38 -60
-44 -63
-47 -58
-51 -54
-52 -59
-43 -47
-48 -42
-52 -41
-57 -43
-47 -32
-51 -28
-50 -16
-48 -10
-64 -13
-66 -6
-61 -4
-59 -2
-54 5
-59 8
-57 13
-67 8
-66 3
-70 2
-81 -5
-95 -9
-96 -4
-98 3
-94 3
-88 4
-84 18
-93 18
-91 24
-94 28
-90 32
-88 31
-86 26
-83 31
-78 27
-74 34
-67 28
-58 28
-50 31
-40 24
-34 31
-38 39
-42 46
-39 46
-34 51
-34 59
-47 46
-50 44
-54 40
-56 38
-59 38
-64 41
-69 47
-76 50
-77 51
-81 48
-82 38
-90 43
-91 51
-89 53
-91 59
-87 66
-86 68
-94 70
-95 75
-97 78
-99 76
-93 81
-94 82
-94 96
-87 95
-82 87
-81 83
-77 77
-77 76
-72 79
-70 82
-75 86
-72 89
-51 97
-44 97
-39 95
-34 96
-32 90
-22 86
-11 97
-4 96
-17 82
-29 78
-28 83
-29 83
-41 75
-41 68
-44 69
-53 62
-58 76
-56 74
-63 67
-68 63
-74 62
