# distance=15339
-2 -4
-2 -1
-4 -3
-6 -2
-6 -3
-6 -5
-8 -6
-11 -6
-12 -6
-15 -6
-13 -8
-12 -10
-13 -10
-11 -14
-10 -14
-9 -15
-8 -14
-7 -15
-7 -13
-7 -12
-9 -11
-10 -12
-10 -11
-10 -9
-13 -11
-14 -10
-12 -14
-13 -15
-15 -15
-13 -17
-12 -18
-12 -17
-11 -16
-10 -17
-8 -19
-7 -21
-7 -19
-5 -22
-5 -23
-5 -24
-5 -25
-3 -23
-2 -22
1 -24
-1 -26
-3 -27
-4 -30
0 -29
0 -30
-2 -30
0 -31
-1 -30
-1 -32
1 -31
0 -33
-1 -34
0 -35
1 -36
1 -35
2 -36
3 -35
4 -36
2 -34
5 -30
5 -29
6 -29
7 -30
8 -29
7 -31
8 -34
7 -34
8 -36
6 -38
6 -39
5 -39
7 -40
5 -42
4 -41
2 -43
2 -44
3 -42
5 -44
6 -44
7 -43
8 -45
7 -44
4 -47
6 -47
7 -49
10 -48
10 -49
12 -50
13 -49
14 -49
11 -52
12 -52
13 -51
15 -53
17 -55
14 -55
13 -53
12 -55
12 -56
12 -58
13 -59
15 -58
15 -59
17 -58
17 -59
17 -60
16 -62
18 -62
17 -62
15 -62
13 -63
8 -68
7 -68
5 -66
3 -65
1 -65
0 -64
-2 -61
0 -59
1 -59
3 -61
4 -62
5 -64
2 -60
2 -59
4 -59
7 -60
9 -60
10 -59
10 -57
8 -57
10 -55
8 -53
7 -56
6 -57
6 -58
5 -57
3 -57
2 -58
1 -57
0 -56
-2 -57
-1 -56
-1 -55
-1 -53
-1 -52
0 -53
1 -54
3 -54
4 -52
0 -50
0 -49
-1 -48
-2 -48
1 -45
-1 -45
-2 -45
-4 -43
-5 -41
-3 -41
-3 -38
-1 -38
0 -39
0 -38
-1 -37
-2 -35
-4 -35
-7 -37
-8 -36
-11 -40
-10 -40
-11 -41
-14 -40
-15 -39
-14 -39
-16 -39
-17 -40
-18 -39
-19 -38
-22 -36
-22 -35
-27 -32
-28 -32
-30 -30
-32 -29
-32 -30
-33 -28
-34 -26
-34 -23
-35 -22
-33 -20
-35 -21
-35 -19
-37 -18
-36 -17
-38 -16
-38 -17
-39 -18
-41 -18
-40 -17
-40 -16
-35 -14
-35 -15
-37 -14
-39 -14
-38 -12
-40 -10
-42 -13
-43 -11
-43 -9
-43 -8
-44 -8
-45 -9
-47 -7
-49 -7
-52 -7
-53 -8
-51 -6
-52 -5
-52 -3
-53 -3
-54 -2
-56 -3
-55 -2
-55 -1
-52 1
-50 -1
-48 -1
-47 -3
-45 -2
-43 -2
-41 -2
-42 0
-41 0
-42 2
-41 3
-44 4
-44 3
-44 1
-44 -2
-42 -5
-43 -5
-41 -7
-39 -7
-40 -8
-39 -8
-37 -6
-36 -7
-35 -6
-35 -7
-36 -9
-36 -10
-36 -11
-35 -12
-34 -11
-33 -8
-32 -8
-34 -5
-35 -4
-36 -5
-36 -4
-36 -2
-29 2
-30 2
-29 4
-30 6
-35 -1
-28 4
-24 0
-26 0
-26 -2
-27 -2
-25 -3
-23 -4
-22 -5
-22 -4
-22 -3
-20 -2
-20 -5
-20 -8
-20 -9
-19 -10
-17 -12
-19 -13
-18 -12
-19 -15
-20 -16
-22 -16
-23 -16
-23 -17
-25 -16
-24 -14
-24 -13
-23 -13
-25 -9
-24 -9
-22 -8
-24 -6
-24 -7
-26 -6
-26 -7
-27 -7
-28 -7
-28 -6
-30 -5
-28 -5
-30 -7
-29 -9
-30 -11
-30 -12
-31 -15
-32 -14
-32 -12
-30 -14
-29 -15
-28 -15
-27 -15
-27 -16
-29 -17
-29 -19
-30 -18
-31 -19
-31 -22
-30 -23
-29 -24
-28 -26
-27 -27
-26 -28
-27 -30
-26 -30
-27 -29
-28 -30
-29 -29
-26 -31
-26 -32
-29 -33
-28 -35
-30 -35
-30 -34
-31 -33
-33 -34
-33 -33
-31 -31
-33 -31
-34 -31
-34 -30
-35 -29
-36 -31
-35 -31
-36 -32
-34 -34
-34 -35
-35 -36
-34 -36
-38 -38
-40 -36
-39 -37
-38 -35
-37 -36
-39 -35
-42 -38
-41 -40
-43 -42
-43 -43
-44 -43
-45 -43
-46 -45
-47 -44
-47 -43
-47 -42
-48 -42
-45 -46
-49 -42
-50 -44
-51 -43
-52 -42
-53 -41
-52 -40
-59 -35
-61 -35
-62 -37
-63 -38
-59 -32
-58 -31
-57 -29
-55 -30
-55 -31
-53 -32
-53 -31
-50 -31
-52 -29
-54 -26
-55 -28
-57 -25
-55 -27
-53 -24
-53 -23
-49 -26
-49 -28
-48 -29
-49 -29
-48 -27
-47 -26
-48 -26
-48 -25
-48 -24
-50 -25
-52 -25
-55 -22
-56 -22
-56 -21
-61 -25
-60 -25
-59 -24
-62 -23
-63 -24
-63 -25
-64 -27
-64 -28
-66 -30
-67 -30
-67 -29
-66 -27
-66 -26
-65 -25
-66 -25
-65 -23
-66 -23
-64 -22
-63 -21
-64 -19
-62 -18
-61 -18
-59 -20
-59 -18
-57 -17
-58 -15
-58 -14
-60 -14
-61 -15
-63 -16
-63 -15
-64 -15
-62 -13
-63 -12
-64 -13
-65 -12
-65 -13
-66 -12
-67 -13
-68 -14
-69 -15
-70 -16
-69 -16
-70 -18
-71 -21
-73 -23
-73 -24
-72 -24
-71 -24
-70 -25
-68 -23
-68 -21
-67 -19
-66 -18
-67 -18
-66 -17
-66 -14
-67 -12
-69 -10
-68 -9
-69 -11
-70 -10
-71 -10
-71 -8
-72 -7
-72 -8
-73 -9
-75 -12
-78 -13
-79 -12
-80 -13
-81 -15
-81 -17
-79 -17
-78 -16
-77 -15
-76 -14
-74 -14
-72 -14
-72 -15
-71 -16
-72 -18
-73 -19
-73 -20
-74 -20
-75 -21
-76 -19
-78 -20
-81 -20
-83 -18
-84 -17
-85 -17
-87 -17
-87 -19
-86 -19
-85 -18
-84 -19
-85 -19
-85 -20
-87 -22
-87 -21
-89 -21
-90 -20
-89 -19
-90 -21
-92 -23
-92 -24
-93 -23
-94 -22
-94 -21
-93 -21
-93 -19
-94 -19
-95 -18
-97 -22
-98 -21
-99 -21
-100 -21
-99 -19
-100 -19
-97 -17
-97 -15
-97 -14
-96 -15
-95 -17
-98 -14
-99 -15
-100 -15
-100 -13
-100 -12
-99 -11
-97 -11
-97 -12
-97 -9
-98 -10
-100 -9
-99 -7
-97 -6
-99 -5
-99 -4
-100 -4
-97 -1
-97 -3
-97 -4
-99 -1
-99 -2
-98 -1
-97 -2
-100 1
-99 1
-98 1
-99 3
-98 3
-97 4
-89 11
-89 12
-94 17
-94 16
-96 15
-96 17
-98 18
-100 15
-100 14
-99 12
-95 10
-94 11
-94 12
-95 11
-96 12
-97 11
-98 10
-100 9
-99 7
-100 7
-98 7
-98 6
-97 8
-96 8
-95 7
-93 7
-93 8
-92 8
-92 9
-92 10
-90 8
-91 6
-91 5
-94 2
-92 1
-90 0
-91 2
-90 1
-90 -3
-92 -5
-91 -6
-88 -9
-93 -7
-94 -6
-94 -5
-92 -6
-90 -2
-91 -1
-92 -1
-95 -1
-93 -2
-93 -1
-93 1
-96 2
-95 2
-93 4
-90 2
-89 0
-84 -3
-82 0
-81 2
-80 0
-80 2
-79 4
-77 2
-76 5
-75 5
-74 5
-73 4
-75 6
-76 7
-78 6
-80 4
-81 5
-81 6
-79 7
-80 8
-79 8
-78 10
-77 11
-78 12
-79 12
-78 13
-75 10
-74 9
-73 10
-73 12
-72 15
-67 10
-63 6
-61 10
-60 8
-60 7
-62 6
-64 6
-65 7
-64 4
-65 3
-64 5
-67 4
-68 4
-69 3
-67 6
-68 7
-70 8
-71 9
-70 11
-70 12
-68 14
-66 13
-67 13
-67 14
-66 14
-63 13
-60 12
-61 16
-56 18
-54 19
-53 20
-51 22
-51 21
-51 20
-50 19
-49 19
-49 18
-48 19
-48 18
-47 18
-48 22
-48 23
-46 23
-44 22
-43 23
-44 24
-42 25
-41 26
-42 24
-40 24
-39 21
-38 23
-36 21
-37 21
-37 22
-37 23
-38 24
-37 25
-39 27
-38 27
-37 27
-36 26
-35 28
-33 26
-34 25
-32 23
-32 24
-28 25
-27 26
-25 29
-24 29
-25 30
-28 30
-28 29
-30 28
-31 29
-32 30
-33 29
-32 27
-28 32
-29 33
-27 34
-27 33
-29 35
-30 36
-30 37
-32 37
-35 39
-34 42
-35 41
-36 41
-38 41
-39 39
-38 39
-39 38
-40 39
-37 35
-36 34
-35 35
-33 33
-33 35
-34 32
-37 30
-38 29
-38 30
-38 31
-39 31
-42 32
-43 33
-42 34
-41 34
-41 35
-39 34
-40 33
-40 32
-42 30
-43 29
-41 27
-43 28
-45 27
-45 28
-47 26
-48 28
-50 28
-50 26
-52 24
-53 25
-52 26
-53 27
-54 27
-53 29
-54 30
-54 29
-55 30
-54 31
-54 32
-55 33
-54 33
-52 33
-51 32
-49 31
-49 32
-47 30
-46 31
-46 32
-44 34
-44 33
-44 35
-44 36
-46 34
-48 36
-49 35
-50 36
-51 34
-52 38
-51 38
-52 36
-54 38
-55 39
-56 37
-56 38
-57 40
-56 40
-55 41
-57 41
-59 42
-58 43
-55 45
-54 44
-55 44
-57 46
-58 47
-60 50
-61 48
-62 45
-63 42
-62 44
-63 43
-61 42
-62 42
-63 41
-61 41
-60 40
-60 39
-62 39
-64 36
-64 37
-65 38
-63 39
-64 39
-66 42
-64 43
-64 44
-66 47
-67 47
-65 46
-64 47
-64 48
-61 47
-59 44
-57 47
-56 49
-57 50
-56 50
-54 51
-57 54
-56 53
-55 53
-54 54
-52 53
-52 52
-51 51
-53 48
-55 46
-54 46
-53 45
-52 45
-51 45
-50 45
-51 46
-52 44
-51 42
-50 41
-47 41
-48 40
-45 42
-47 42
-48 43
-51 40
-50 42
-50 43
-49 45
-46 45
-49 46
-47 48
-47 49
-47 50
-46 49
-44 51
-47 52
-46 52
-44 54
-45 55
-45 56
-43 56
-42 56
-41 55
-41 53
-40 51
-40 52
-42 50
-40 49
-42 49
-43 50
-45 48
-44 47
-43 46
-44 46
-43 47
-41 47
-42 43
-40 45
-39 44
-40 42
-40 41
-38 42
-38 43
-37 45
-36 46
-36 45
-36 44
-34 46
-33 44
-33 46
-34 45
-33 47
-35 48
-37 49
-38 48
-38 50
-39 50
-37 51
-35 53
-35 51
-36 50
-35 50
-33 52
-33 53
-32 52
-31 51
-32 51
-29 50
-29 52
-28 53
-27 54
-28 55
-29 56
-31 56
-33 54
-34 55
-33 57
-32 57
-30 59
-31 60
-32 60
-33 59
-33 60
-34 61
-35 62
-36 62
-37 63
-40 62
-41 63
-42 63
-43 63
-45 65
-44 66
-44 69
-45 70
-44 70
-43 70
-41 69
-40 68
-39 67
-41 65
-40 65
-40 67
-39 69
-38 70
-37 69
-38 67
-37 67
-36 66
-34 66
-39 72
-40 73
-41 74
-42 72
-44 73
-42 75
-39 76
-37 76
-36 77
-37 78
-37 77
-35 79
-34 78
-35 77
-35 74
-34 73
-33 73
-32 75
-33 76
-27 82
-28 82
-28 81
-27 80
-25 79
-23 81
-21 81
-21 83
-20 83
-19 83
-18 84
-19 86
-18 87
-17 88
-16 88
-14 86
-15 86
-12 89
-11 88
-13 87
-15 89
-14 89
-13 89
-12 90
-14 91
-15 92
-16 93
-16 94
-16 95
-15 96
-13 95
-14 95
-12 93
-13 94
-15 93
-18 92
-19 91
-21 91
-21 89
-22 87
-23 88
-24 86
-23 84
-24 84
-25 85
-27 86
-28 86
-29 85
-31 87
-29 89
-29 88
-32 85
-32 88
-33 87
-31 89
-33 91
-33 89
-36 87
-38 89
-37 89
-37 90
-38 88
-39 85
-40 86
-38 84
-39 83
-38 82
-39 82
-40 81
-43 79
-43 81
-45 81
-46 80
-46 77
-48 75
-47 74
-46 76
-45 78
-42 81
-44 84
-43 84
-41 85
-42 85
-42 87
-41 87
-39 88
-36 85
-39 87
-42 89
-43 90
-45 90
-45 91
-47 90
-45 93
-46 94
-44 92
-41 89
-40 88
-39 89
-40 91
-40 92
-38 93
-39 96
-40 96
-38 94
-37 94
-38 96
-40 98
-39 98
-40 97
-43 95
-42 96
-44 96
-43 97
-44 95
-45 96
-46 97
-47 97
-48 95
-48 94
-49 93
-49 95
-50 96
-50 95
-51 95
-52 94
-52 93
-51 92
-52 92
-51 91
-50 90
-50 89
-49 89
-51 90
-52 91
-54 89
-55 89
-56 88
-55 87
-55 85
-53 85
-50 83
-50 84
-50 85
-49 86
-50 87
-49 84
-48 84
-47 85
-47 86
-46 85
-46 84
-47 83
-46 81
-47 80
-48 80
-50 80
-54 82
-53 80
-54 80
-55 81
-56 82
-57 80
-56 79
-56 77
-60 80
-59 79
-60 78
-59 78
-59 76
-61 76
-63 75
-66 72
-64 69
-62 71
-60 71
-59 73
-61 71
-61 72
-60 73
-58 73
-56 74
-52 72
-50 74
-51 74
-58 66
-59 65
-58 64
-60 63
-59 64
-61 66
-62 65
-61 64
-63 63
-64 62
-64 65
-63 65
-60 68
-58 70
-57 68
-56 68
-55 70
-54 69
-53 69
-52 69
-50 68
-48 68
-47 67
-47 66
-46 66
-45 66
-46 64
-47 63
-47 64
-48 62
-50 64
-49 63
-51 61
-53 60
-54 58
-55 58
-57 56
-58 56
-58 59
-59 52
-63 54
-61 56
-61 57
-61 61
-61 59
-61 53
-61 51
-62 50
-68 45
-69 44
-69 45
-71 44
-70 42
-71 40
-69 38
-68 39
-67 39
-66 38
-66 37
-67 36
-66 35
-65 33
-65 32
-63 28
-62 27
-61 29
-63 29
-62 31
-61 33
-62 35
-60 36
-59 34
-58 34
-58 33
-57 33
-58 32
-57 31
-56 29
-58 25
-56 26
-55 24
-57 22
-57 21
-56 20
-56 19
-58 18
-57 20
-58 20
-60 18
-58 15
-57 12
-55 13
-54 14
-53 15
-54 15
-53 16
-54 16
-53 17
-52 18
-49 16
-48 14
-47 14
-48 13
-50 13
-52 14
-53 13
-54 12
-53 12
-52 11
-51 11
-50 10
-51 9
-50 9
-49 8
-50 7
-51 8
-52 8
-53 8
-54 10
-53 7
-54 6
-57 6
-59 8
-57 7
-58 5
-57 4
-58 2
-55 2
-53 3
-52 5
-50 4
-49 5
-48 4
-47 5
-46 6
-47 7
-47 9
-44 8
-42 10
-42 9
-39 12
-40 14
-42 14
-44 17
-42 16
-43 14
-45 15
-42 12
-40 10
-45 12
-46 11
-45 9
-44 10
-41 10
-40 9
-40 8
-38 6
-41 5
-39 3
-38 3
-38 2
-35 3
-34 4
-33 4
-36 7
-36 8
-37 7
-34 8
-33 7
-32 7
-32 8
-30 8
-29 9
-30 10
-29 11
-30 12
-31 11
-32 12
-33 12
-32 13
-35 11
-35 12
-37 15
-36 16
-33 18
-32 16
-33 15
-34 15
-38 19
-39 18
-39 16
-37 17
-35 19
-34 23
-32 21
-30 20
-30 19
-31 18
-28 20
-27 21
-26 20
-24 22
-21 22
-23 20
-24 19
-23 19
-25 17
-26 19
-28 19
-28 18
-30 16
-29 15
-30 14
-28 13
-27 11
-25 10
-25 9
-22 10
-21 10
-22 11
-22 12
-20 14
-22 17
-25 14
-26 13
-25 12
-22 14
-21 16
-20 16
-18 14
-16 10
-17 9
-15 11
-14 11
-12 13
-12 11
-16 16
-17 17
-15 15
-14 14
-12 16
-11 17
-11 18
-12 18
-13 18
-15 16
-17 19
-22 25
-19 27
-20 29
-20 30
-13 36
-14 35
-15 36
-17 36
-18 38
-16 39
-13 40
-14 43
-14 44
-12 46
-14 46
-13 47
-13 48
-14 48
-15 49
-16 51
-15 52
-16 52
-15 51
-17 52
-18 52
-19 51
-18 50
-19 50
-18 49
-18 46
-19 47
-20 45
-21 45
-22 46
-18 43
-19 42
-20 40
-21 39
-20 39
-21 37
-23 37
-20 35
-19 33
-20 33
-22 32
-22 34
-22 35
-24 37
-24 39
-25 37
-26 39
-24 40
-26 37
-25 36
-26 36
-27 36
-28 37
-29 38
-31 42
-30 41
-28 41
-29 40
-30 43
-32 44
-29 47
-28 47
-27 46
-26 45
-24 44
-24 45
-25 46
-26 47
-25 47
-22 50
-22 49
-25 52
-25 51
-27 50
-28 51
-28 52
-27 52
-26 52
-25 53
-25 54
-22 55
-24 57
-23 59
-28 62
-29 62
-28 63
-30 65
-29 65
-30 67
-28 69
-26 67
-26 66
-27 67
-30 69
-31 68
-32 69
-33 70
-30 70
-29 71
-28 71
-30 72
-31 72
-31 73
-32 74
-31 75
-30 75
-30 76
-29 77
-30 79
-29 80
-29 79
-31 81
-34 82
-36 81
-39 79
-41 78
-40 78
-40 76
-45 75
-49 72
-51 70
-55 65
-57 63
-54 61
-51 58
-52 57
-51 56
-50 54
-47 56
-49 57
-47 59
-48 59
-49 59
-48 61
-46 60
-46 61
-44 60
-42 61
-41 60
-39 59
-40 57
-40 55
-38 54
-36 55
-37 57
-36 59
-32 63
-28 61
-26 59
-25 59
-25 57
-24 56
-22 58
-22 59
-23 60
-25 62
-22 62
-23 63
-23 66
-22 66
-23 67
-24 67
-22 69
-19 74
-19 73
-20 72
-17 70
-19 67
-20 68
-19 70
-17 71
-16 71
-15 72
-14 71
-13 70
-11 69
-11 72
-9 72
-7 72
-7 70
-7 71
-10 71
-10 70
-11 70
-9 68
-7 67
-6 67
-5 68
-6 69
-3 69
-2 70
-2 71
-1 70
0 72
-2 74
-3 74
-2 73
-5 74
-5 76
-4 77
-4 78
-6 77
-8 79
-9 79
-8 80
-11 79
-12 78
-12 79
-10 77
-11 76
-9 76
-9 75
-12 74
-14 74
-15 75
-13 76
-16 75
-18 77
-17 78
-17 79
-18 80
-19 80
-20 79
-20 78
-22 79
-23 78
-25 76
-25 77
-24 74
-25 72
-22 75
-21 74
-19 75
-14 80
-15 81
-14 82
-15 82
-12 81
-12 80
-10 82
-9 83
-10 83
-10 84
-10 85
-9 85
-8 84
-9 87
-8 87
-6 85
-6 83
-2 83
-1 83
1 83
2 82
3 83
7 79
4 77
5 77
5 78
5 76
4 74
4 75
3 75
6 77
9 74
9 73
8 73
9 72
11 70
10 69
9 70
7 68
8 68
9 67
10 67
12 65
10 63
7 60
4 64
8 60
10 59
13 63
12 62
12 61
14 62
15 61
14 61
15 60
16 59
17 60
14 57
15 56
14 55
12 56
12 58
10 56
12 54
12 53
11 52
9 55
8 55
8 57
7 57
7 58
8 59
7 61
5 60
5 59
4 57
4 55
4 52
6 52
6 54
6 55
7 54
8 52
8 50
7 49
6 48
7 48
8 47
9 46
7 45
7 44
7 42
9 33
9 32
8 31
6 29
6 28
5 29
3 30
2 30
1 32
5 32
4 32
3 33
3 34
5 35
6 37
7 36
7 37
6 38
6 39
7 40
7 39
9 37
8 39
11 41
10 42
9 44
11 46
11 47
11 48
10 50
11 51
14 49
16 47
15 45
13 46
15 43
16 42
17 42
16 43
15 42
14 42
16 39
16 40
17 39
18 38
19 37
18 36
18 34
19 33
19 34
20 37
19 36
18 35
16 36
16 35
15 36
16 34
17 31
18 32
17 29
17 28
18 26
17 23
16 25
15 23
14 24
13 25
13 26
13 27
13 28
12 28
14 30
13 32
12 35
10 35
8 33
9 31
10 30
8 28
8 26
9 27
10 26
12 24
11 24
9 22
7 23
2 28
4 26
5 24
4 23
3 24
2 25
-1 23
-1 25
0 27
-1 27
-1 28
0 29
-2 29
-3 28
-4 28
-8 25
-9 24
-9 25
-7 23
-5 26
-4 25
-4 26
-3 29
-5 31
-3 33
-2 36
0 39
-1 40
0 42
-2 44
-2 46
-1 46
0 47
0 48
1 47
2 47
1 46
2 45
1 45
3 48
3 47
4 45
4 42
4 40
3 41
3 40
4 38
1 36
2 35
1 35
-1 37
-5 39
-8 39
-7 40
-5 41
-2 42
-4 43
-5 45
-6 47
-5 48
-4 50
-4 51
-3 49
-1 50
-3 51
-1 53
1 55
0 57
2 57
0 59
-1 58
-3 58
-4 58
-5 59
-4 60
-3 61
-2 61
0 62
-2 63
1 61
0 60
1 59
2 60
2 61
3 61
3 63
7 65
5 65
4 67
3 66
2 65
2 64
1 64
-2 66
-3 65
-2 64
-6 65
-7 65
-7 64
-6 63
-5 63
-6 62
-7 62
-8 63
-8 64
-9 64
-10 65
-11 64
-12 65
-13 66
-19 59
-20 60
-19 61
-18 61
-17 62
-17 61
-17 60
-17 59
-16 58
-14 58
-12 55
-13 55
-12 54
-13 53
-15 53
-16 53
-17 53
-15 55
-17 55
-19 54
-20 55
-20 57
-21 58
-21 59
-21 61
-18 64
-20 65
-19 65
-17 66
-17 67
-16 66
-15 66
-13 64
-12 64
-12 62
-12 61
-11 62
-9 61
-11 59
-11 57
-10 57
-8 56
-5 53
-7 53
-7 52
-7 51
-8 52
-10 53
-10 52
-11 51
-11 50
-11 49
-9 49
-8 49
-7 49
-9 47
-9 46
-7 44
-9 42
-10 39
-9 35
-7 35
-7 34
-4 31
-2 34
-1 34
1 34
1 33
-1 31
-4 34
-5 35
-7 37
-9 38
-7 36
-4 33
-9 29
-11 31
-11 32
-14 29
-16 29
-16 28
-15 27
-14 26
-13 26
-12 26
-12 28
-14 30
-14 31
-16 33
-17 30
-16 30
-17 29
-18 28
-17 25
-16 24
-17 22
-14 23
-13 23
-12 23
-11 23
-12 22
-13 20
-11 22
-10 21
-10 20
-9 19
-7 21
-5 20
-4 21
-3 23
-2 22
2 21
2 19
3 18
6 18
5 18
5 19
6 19
4 19
7 17
6 15
5 15
4 16
3 16
1 14
0 16
1 16
1 17
-1 18
-2 18
-3 19
-4 19
-3 18
-3 17
-2 15
-1 15
1 12
1 13
0 12
-1 13
0 10
2 8
3 9
2 10
4 12
3 10
6 7
8 7
9 8
9 10
11 11
10 13
11 12
11 14
10 15
11 13
14 13
15 13
14 12
14 11
13 11
12 9
11 9
12 8
11 7
10 8
9 9
7 9
6 10
7 10
5 10
2 6
-1 9
-3 11
-2 9
-3 7
-5 7
-3 4
-2 5
-2 4
-1 4
0 2
1 4
3 3
3 4
4 3
6 4
7 4
9 2
10 3
8 2
8 0
9 -1
10 -2
10 -1
11 -2
11 -1
12 0
14 -1
15 2
13 4
13 6
16 9
16 8
21 11
21 10
21 9
19 9
19 10
18 11
19 12
19 13
21 12
20 14
23 17
22 16
21 16
19 17
19 16
18 15
17 16
15 17
14 17
14 16
12 17
11 18
10 18
11 20
12 19
15 20
16 20
17 20
18 19
19 19
18 20
19 20
18 21
20 22
21 25
21 24
23 24
25 23
26 23
27 22
27 20
29 19
29 18
29 20
30 18
28 16
30 15
33 18
33 20
33 21
31 22
31 21
29 23
30 24
33 24
34 23
36 21
36 24
39 22
38 21
39 21
39 20
41 20
43 21
44 21
43 18
41 16
42 15
43 16
45 16
45 15
48 15
48 13
48 11
47 10
48 9
47 9
46 8
45 9
45 8
44 9
45 10
46 11
45 12
44 12
42 13
41 11
40 10
39 11
37 10
36 9
37 9
39 7
43 7
42 6
43 4
42 3
42 2
42 1
40 3
38 3
39 0
39 1
36 -2
35 -1
33 -2
33 -3
35 -5
36 -4
37 -6
36 -7
34 -7
35 -8
32 -7
34 -6
33 -6
33 -5
30 -4
31 -4
30 -6
29 -7
29 -8
28 -10
29 -11
25 -12
25 -11
24 -12
22 -12
21 -12
16 -14
22 -22
23 -23
25 -23
26 -24
25 -25
28 -23
28 -24
29 -24
31 -26
32 -25
30 -26
29 -26
28 -26
27 -27
28 -27
29 -28
30 -29
31 -31
32 -33
32 -34
33 -34
35 -33
36 -31
37 -31
41 -35
41 -36
42 -35
44 -35
45 -36
46 -38
47 -38
48 -39
49 -39
50 -40
50 -37
51 -36
49 -37
49 -36
47 -34
49 -33
47 -32
47 -33
46 -33
44 -34
41 -31
41 -32
40 -33
40 -34
37 -37
36 -37
34 -37
35 -40
40 -44
42 -42
44 -41
45 -43
43 -45
48 -44
50 -46
49 -46
50 -44
53 -47
57 -48
58 -47
58 -48
59 -49
59 -50
59 -51
57 -52
56 -54
58 -55
60 -54
61 -55
60 -56
59 -55
57 -53
57 -50
60 -48
61 -46
60 -44
61 -44
63 -45
65 -47
64 -50
63 -52
61 -54
61 -56
63 -55
63 -54
65 -54
64 -52
65 -50
66 -52
68 -50
69 -48
71 -46
70 -47
70 -46
70 -44
68 -46
68 -45
67 -44
68 -43
69 -40
69 -41
68 -42
67 -42
68 -40
68 -41
67 -40
67 -41
65 -43
65 -44
64 -43
63 -43
63 -41
61 -42
60 -42
57 -44
56 -43
56 -44
53 -49
51 -47
52 -47
54 -49
54 -50
53 -51
54 -53
53 -53
54 -54
56 -55
57 -57
57 -58
55 -58
54 -58
56 -60
57 -61
59 -59
60 -58
61 -58
63 -57
63 -59
61 -62
60 -63
59 -63
57 -65
56 -63
55 -63
55 -62
54 -62
52 -60
51 -61
52 -58
51 -57
50 -57
49 -58
47 -58
50 -54
51 -53
48 -53
47 -53
45 -51
47 -50
48 -50
49 -50
50 -48
48 -48
45 -48
41 -46
43 -46
43 -49
43 -51
44 -50
44 -51
43 -53
43 -54
44 -56
42 -56
43 -56
42 -55
40 -58
43 -61
42 -61
43 -63
41 -65
39 -64
39 -65
35 -69
31 -66
30 -68
29 -68
30 -71
30 -70
27 -69
27 -67
24 -64
25 -62
26 -61
27 -62
27 -64
28 -64
29 -62
29 -61
30 -62
30 -61
27 -58
30 -59
29 -59
28 -59
30 -56
31 -57
33 -59
34 -61
32 -60
31 -60
31 -61
31 -62
32 -64
34 -64
38 -61
39 -62
38 -62
37 -61
36 -60
37 -59
37 -58
38 -58
38 -59
40 -59
39 -57
37 -56
36 -55
35 -55
33 -56
35 -57
36 -59
35 -59
38 -57
39 -56
37 -54
37 -53
37 -52
37 -50
32 -52
30 -51
31 -50
30 -49
31 -49
33 -48
33 -50
35 -48
35 -47
37 -47
37 -43
38 -44
37 -41
35 -42
36 -44
35 -43
35 -44
32 -41
31 -41
30 -44
30 -43
28 -41
28 -42
26 -44
28 -45
30 -47
28 -48
25 -48
24 -47
24 -49
23 -50
22 -50
22 -49
20 -51
20 -50
19 -51
18 -50
19 -49
22 -46
23 -45
25 -44
26 -45
25 -46
28 -46
25 -49
26 -51
28 -51
29 -51
29 -54
28 -55
28 -56
25 -54
24 -51
22 -51
21 -49
20 -47
20 -46
19 -45
18 -44
17 -44
18 -42
19 -41
19 -40
22 -35
22 -34
22 -33
23 -32
22 -31
23 -29
24 -27
24 -29
23 -30
21 -31
19 -30
17 -29
20 -27
20 -26
19 -25
17 -26
17 -25
16 -24
17 -22
16 -21
14 -20
12 -18
13 -20
12 -21
12 -20
11 -19
9 -18
8 -17
7 -15
6 -15
5 -18
0 -13
0 -14
0 -15
-1 -16
0 -17
0 -18
1 -17
2 -17
2 -15
3 -15
4 -14
5 -13
6 -12
7 -13
7 -12
8 -11
7 -10
5 -11
3 -13
3 -12
2 -10
1 -9
0 -9
3 -9
3 -8
4 -8
6 -7
6 -5
7 -5
9 -7
9 -4
5 -2
4 -2
3 -3
4 -4
2 -4
1 -3
0 -4
2 -1
2 1
4 0
6 1
0 -1
-2 0
-2 1
-8 7
-7 8
-6 10
-8 12
-9 13
-10 15
-9 17
-8 15
-7 15
-6 15
-6 16
-6 18
-6 17
-5 16
-4 17
-5 17
-4 15
-6 13
-11 8
-12 7
-11 5
-10 4
-8 5
-8 3
-9 2
-7 2
-10 -2
-9 -1
-10 0
-11 1
-11 0
-13 1
-13 2
-14 4
-14 6
-15 6
-14 7
-15 7
-16 7
-17 5
-18 7
-19 6
-20 5
-19 3
-20 1
-19 2
-18 1
-18 0
-18 -1
-19 -4
-19 -3
-18 -2
-18 -3
-17 -2
-15 -2
-15 -1
-8 -7
-6 -7
-7 -8
-6 -9
-5 -10
-3 -9
-4 -8
-3 -8
-3 -10
-4 -11
-3 -11
-2 -12
-2 -14
-3 -13
-4 -13
-5 -14
-6 -15
-6 -16
-7 -18
-6 -18
-6 -17
-5 -16
-3 -18
-4 -18
-3 -17
-4 -19
-4 -20
-3 -21
-2 -20
0 -19
2 -21
3 -21
4 -22
4 -21
2 -23
2 -25
2 -26
3 -27
4 -26
5 -26
6 -25
7 -25
8 -25
9 -26
10 -25
9 -24
10 -23
8 -22
6 -20
6 -22
7 -21
8 -20
9 -19
10 -18
10 -17
11 -16
12 -16
13 -15
13 -14
11 -13
10 -12
9 -12
10 -11
11 -11
12 -10
13 -11
14 -10
16 -8
16 -7
15 -6
13 -8
12 -7
12 -6
12 -5
11 -6
13 -4
12 -4
10 -4
13 -2
14 -2
16 -3
17 -2
16 0
17 -1
19 -1
18 1
17 1
16 2
15 3
17 4
19 4
20 6
23 6
24 6
25 5
27 5
27 4
28 3
29 4
30 3
29 5
29 6
30 7
29 8
29 9
26 11
25 11
25 10
24 8
25 7
27 9
30 12
31 12
32 11
30 9
31 9
33 10
34 11
35 11
34 12
33 15
34 17
34 18
35 18
39 17
39 15
39 14
38 13
39 12
41 10
40 8
39 9
37 7
35 9
34 7
32 7
32 6
31 5
33 4
33 1
32 -1
31 -2
30 -1
29 -1
28 0
29 0
28 -1
23 4
23 5
25 3
23 2
21 2
20 2
22 -1
24 -1
25 -1
25 -3
24 -3
26 -4
26 -5
27 -6
28 -6
27 -7
26 -7
23 -7
23 -6
23 -5
22 -5
22 -4
21 -3
19 -5
18 -5
21 -7
20 -8
20 -7
22 -9
24 -9
22 -10
21 -10
17 -12
18 -12
17 -13
18 -14
18 -15
15 -18
15 -19
14 -18
17 -21
19 -22
21 -23
22 -23
20 -21
20 -20
23 -20
23 -19
22 -18
21 -16
22 -14
23 -15
25 -15
22 -19
26 -21
27 -22
28 -20
27 -19
28 -17
29 -16
30 -16
31 -14
32 -12
34 -11
35 -11
34 -12
35 -13
35 -14
40 -10
39 -9
40 -8
38 -10
37 -10
37 -8
38 -7
39 -6
40 -5
38 -3
39 -3
40 -3
43 -3
44 -3
48 2
47 3
48 3
47 4
51 10
52 10
53 9
55 11
54 12
56 13
56 15
56 17
55 17
54 15
53 15
51 15
52 13
51 13
52 12
55 9
55 7
54 6
55 5
56 6
54 4
53 3
56 0
54 0
53 -2
54 -3
55 -5
57 -3
58 -1
60 0
59 -1
58 -2
58 -3
60 -2
59 -3
62 -4
63 -7
62 -6
63 -5
63 -3
63 -1
62 1
61 2
63 3
65 4
66 3
66 1
66 2
68 4
69 5
67 7
66 6
68 8
70 13
68 15
68 16
67 14
67 16
67 19
67 22
70 21
71 22
70 23
69 23
69 24
70 25
72 24
74 24
76 25
77 24
78 25
77 26
79 30
77 32
71 27
69 26
70 28
70 30
72 29
72 31
73 29
73 30
74 31
76 30
75 30
77 28
76 29
77 29
78 30
79 29
80 27
78 26
84 34
82 34
80 32
76 34
73 31
72 33
72 35
72 36
70 38
70 39
71 40
69 39
68 38
70 36
69 36
68 37
66 36
65 36
64 36
63 36
62 37
60 36
60 37
60 39
61 41
63 40
63 43
66 40
66 41
67 43
65 43
64 43
64 45
66 48
67 48
68 49
70 46
73 45
74 43
73 44
71 44
71 43
70 44
69 44
69 46
66 44
67 44
67 45
64 44
62 42
62 43
64 41
62 40
61 42
59 44
60 43
59 42
56 42
56 45
57 45
54 47
52 47
50 47
51 48
50 50
49 49
49 51
49 52
48 53
49 54
51 54
50 54
47 57
48 56
49 57
48 57
48 59
46 57
45 58
44 59
43 60
42 62
41 61
39 61
33 55
34 56
35 56
36 55
37 55
38 55
39 56
40 56
41 57
40 57
38 58
35 53
36 51
36 52
35 50
36 48
34 50
34 51
31 49
30 49
30 48
30 46
27 44
26 40
25 39
25 38
24 39
24 42
25 43
23 44
21 44
21 43
19 45
20 46
21 47
21 48
22 48
23 49
21 51
20 50
19 48
17 48
17 50
18 52
17 54
17 55
18 58
19 57
19 59
21 59
20 61
21 60
22 61
23 60
23 61
24 62
25 63
27 62
27 63
26 65
25 66
26 66
27 66
27 67
26 68
27 69
26 70
25 69
24 71
24 69
24 68
24 67
23 67
21 68
21 67
22 65
21 63
20 64
15 67
12 70
13 69
13 70
13 71
14 71
15 71
17 70
18 70
19 69
19 68
23 72
23 73
21 73
20 75
17 75
17 77
19 79
21 81
22 82
24 84
26 86
29 81
31 84
32 83
32 82
34 82
37 82
35 83
34 85
36 86
38 87
37 88
38 89
34 91
34 93
35 93
35 94
36 94
35 95
33 94
31 92
31 94
29 94
27 92
26 94
27 93
28 94
29 93
29 91
31 89
33 87
34 86
34 87
32 86
31 85
30 84
29 86
28 88
26 90
24 90
22 90
19 92
17 92
15 93
13 95
13 96
12 97
14 98
13 100
12 100
11 99
9 100
10 98
11 97
9 97
9 95
8 94
7 95
6 95
6 96
7 97
4 96
3 99
1 100
1 99
-1 98
-1 97
-3 98
-4 98
-3 96
-2 95
-3 93
-5 94
-5 93
-4 92
-4 89
-5 89
-6 91
-8 92
-8 93
-9 93
-7 96
-5 97
-6 98
-6 99
-7 99
-8 98
-8 99
-9 99
-10 98
-9 97
-10 97
-12 99
-15 99
-17 99
-21 98
-21 99
-20 100
-23 95
-23 94
-23 92
-23 91
-25 89
-25 91
-22 94
-21 95
-19 94
-17 96
-19 98
-18 99
-20 98
-18 100
-23 100
-25 100
-27 98
-26 100
-28 100
-31 100
-31 99
-33 100
-35 100
-34 99
-33 99
-30 95
-27 93
-28 91
-30 92
-30 93
-28 94
-30 96
-33 96
-34 94
-35 95
-36 96
-36 97
-36 98
-37 99
-37 100
-38 100
-40 100
-41 99
-42 100
-44 100
-46 100
-48 99
-47 98
-50 100
-51 99
-52 100
-52 99
-53 97
-52 97
-53 96
-54 95
-52 96
-54 94
-54 96
-56 99
-60 97
-60 96
-59 95
-59 91
-56 93
-58 93
-58 94
-56 96
-57 99
-58 100
-60 99
-63 100
-64 100
-67 100
-67 99
-67 98
-68 98
-67 97
-64 98
-64 97
-64 95
-63 94
-65 93
-66 92
-65 91
-65 90
-64 89
-63 89
-61 91
-61 94
-63 91
-62 92
-62 90
-62 89
-61 88
-59 87
-60 87
-59 84
-60 83
-62 84
-63 85
-64 85
-65 85
-66 86
-67 87
-68 87
-69 86
-65 84
-66 85
-66 84
-67 84
-64 83
-64 82
-62 80
-63 80
-61 77
-62 77
-62 78
-65 76
-66 78
-67 77
-68 78
-67 80
-66 80
-67 82
-70 81
-72 82
-72 79
-73 81
-74 82
-74 84
-73 85
-73 86
-72 85
-71 86
-71 87
-72 88
-72 90
-73 91
-72 91
-71 90
-73 92
-75 94
-75 96
-73 98
-73 99
-74 100
-72 100
-71 99
-73 96
-72 96
-72 95
-73 94
-71 94
-69 95
-67 93
-69 93
-68 92
-68 91
-71 89
-73 87
-74 89
-76 89
-75 87
-74 86
-77 83
-78 83
-79 83
-79 85
-78 86
-80 88
-82 89
-83 91
-82 91
-85 93
-86 93
-87 92
-89 90
-88 90
-83 82
-81 84
-81 83
-81 82
-81 81
-81 80
-81 79
-79 79
-77 77
-76 77
-75 79
-76 80
-76 79
-75 78
-74 79
-75 77
-71 74
-70 76
-69 75
-71 71
-72 70
-73 69
-73 73
-69 74
-68 71
-69 69
-70 69
-71 68
-70 67
-69 66
-66 67
-65 68
-63 69
-63 68
-62 66
-62 59
-64 61
-66 61
-67 61
-66 60
-66 58
-69 56
-68 56
-67 55
-66 54
-66 53
-65 52
-65 51
-67 53
-68 53
-68 51
-70 52
-72 50
-72 51
-70 49
-71 48
-72 49
-73 48
-73 47
-75 49
-79 50
-79 52
-78 52
-78 54
-77 55
-79 57
-79 56
-79 58
-78 59
-77 59
-79 62
-80 64
-80 65
-82 64
-82 65
-83 65
-82 68
-81 69
-83 71
-85 70
-86 68
-87 67
-86 66
-85 66
-85 63
-87 64
-88 62
-87 61
-86 62
-87 59
-87 58
-87 57
-86 55
-84 56
-84 57
-85 58
-86 58
-82 58
-81 57
-82 56
-82 55
-84 54
-82 53
-80 55
-78 56
-76 56
-77 57
-76 59
-75 58
-74 58
-73 58
-72 59
-72 54
-71 55
-73 56
-73 57
-71 59
-70 59
-69 60
-70 61
-68 63
-67 63
-67 64
-69 62
-70 63
-70 62
-71 63
-70 64
-72 66
-73 63
-73 62
-74 61
-75 62
-75 64
-76 64
-78 65
-77 67
-78 68
-75 66
-75 69
-75 70
-76 71
-78 71
-78 72
-77 72
-80 72
-81 74
-82 75
-82 76
-84 74
-83 75
-83 78
-84 80
-86 80
-86 78
-87 76
-88 76
-89 76
-89 78
-90 81
-91 82
-89 82
-88 83
-86 84
-88 86
-87 88
-85 86
-85 87
-87 87
-85 89
-84 90
-83 86
-82 87
-81 88
-80 90
-78 89
-79 89
-80 91
-79 92
-81 94
-79 95
-81 97
-82 98
-82 99
-80 100
-78 100
-77 98
-78 98
-79 98
-79 97
-83 98
-84 98
-86 99
-89 95
-86 95
-87 94
-88 95
-92 94
-92 95
-90 94
-90 96
-92 97
-92 99
-93 100
-91 98
-90 100
-92 100
-94 100
-96 97
-97 97
-100 95
-100 96
-100 98
-99 100
-100 100
-99 98
-98 94
-96 94
-96 92
-95 92
-94 90
-92 91
-91 90
-91 88
-91 89
-91 87
-92 86
-96 90
-95 88
-95 89
-97 89
-100 91
-96 87
-94 85
-95 85
-92 83
-91 83
-94 80
-96 82
-98 84
-100 83
-99 81
-99 78
-100 74
-98 74
-98 73
-99 73
-95 73
-92 71
-91 72
-90 74
-90 73
-89 74
-90 76
-93 78
-94 77
-94 74
-97 72
-95 70
-94 69
-96 68
-96 66
-96 65
-94 63
-92 62
-90 61
-91 59
-91 61
-89 60
-90 58
-89 57
-90 57
-90 55
-93 56
-94 58
-95 57
-96 56
-94 59
-94 62
-95 59
-89 65
-90 66
-90 69
-93 69
-94 67
-97 66
-99 66
-99 64
-98 63
-100 62
-98 60
-98 59
-99 60
-99 58
-98 57
-97 56
-99 57
-100 56
-99 53
-96 54
-96 53
-94 51
-93 53
-95 50
-97 51
-99 52
-100 49
-100 50
-98 48
-97 48
-99 47
-99 45
-95 48
-97 46
-94 48
-92 49
-91 50
-90 53
-89 54
-88 54
-87 53
-86 52
-85 51
-87 50
-87 48
-89 47
-88 48
-85 48
-84 48
-83 49
-81 50
-82 51
-82 50
-82 49
-80 47
-78 48
-77 47
-77 44
-78 45
-79 45
-81 45
-81 44
-82 43
-80 44
-79 44
-83 41
-85 40
-86 39
-87 38
-88 39
-89 38
-88 36
-86 34
-82 32
-79 29
-78 29
-78 26
-80 27
-81 26
-82 25
-81 24
-81 23
-82 22
-83 23
-83 25
-84 25
-80 33
-79 32
-78 31
-79 31
-81 31
-82 30
-80 32
-82 34
-83 35
-81 39
-78 42
-78 43
-75 46
-76 44
-77 43
-76 42
-79 39
-77 36
-74 36
-72 34
-70 36
-70 34
-69 34
-67 33
-67 32
-66 30
-65 31
-64 31
-65 29
-66 28
-69 28
-70 27
-72 29
-71 31
-78 34
-76 33
-76 31
-76 30
-75 29
-75 28
-75 26
-73 23
-71 25
-70 23
-70 21
-69 20
-67 19
-68 17
-67 17
-66 17
-64 19
-61 21
-61 22
-60 24
-61 24
-62 25
-63 25
-65 23
-66 23
-67 22
-67 23
-68 24
-65 21
-67 21
-69 19
-70 19
-71 20
-72 20
-74 19
-73 18
-74 17
-75 17
-75 15
-74 15
-76 17
-76 20
-75 22
-76 23
-77 22
-78 23
-79 22
-80 21
-78 19
-79 17
-79 18
-78 18
-78 16
-78 15
-81 16
-80 15
-78 14
-81 14
-82 12
-81 11
-81 12
-80 11
-80 10
-81 9
-81 8
-85 11
-85 12
-85 13
-86 14
-87 14
-86 16
-88 14
-88 16
-90 17
-92 18
-93 18
-94 18
-95 19
-93 21
-93 20
-95 21
-97 20
-98 21
-100 23
-99 25
-97 26
-100 28
-99 30
-100 31
-98 32
-97 30
-96 31
-95 30
-97 32
-98 34
-97 34
-96 36
-96 35
-96 34
-95 34
-94 35
-92 36
-92 35
-91 36
-90 35
-90 36
-91 38
-92 40
-95 38
-95 39
-96 40
-94 42
-95 42
-96 41
-98 38
-99 40
-100 39
-100 40
-100 43
-97 44
-93 44
-93 45
-92 44
-90 43
-87 41
-87 43
-85 46
-85 45
-86 46
-87 45
-87 44
-87 42
-86 43
-84 42
-83 40
-82 40
-84 38
-83 37
-83 36
-84 33
-81 27
-83 29
-85 27
-86 26
-85 26
-87 28
-88 28
-89 27
-90 24
-93 25
-93 22
-94 22
-96 24
-97 24
-96 23
-93 29
-92 30
-93 30
-93 31
-92 32
-93 33
-91 31
-90 32
-89 31
-88 32
-86 35
-84 32
-87 29
-86 29
-83 27
-86 24
-87 24
-88 20
-86 19
-86 20
-86 21
-85 22
-84 20
-83 19
-84 19
-83 18
-82 17
-83 15
-84 15
-85 14
-87 12
-87 10
-85 9
-88 6
-87 6
-84 2
-85 4
-85 5
-83 3
-85 1
-87 -3
-84 -5
-84 -6
-81 -9
-83 -10
-83 -9
-84 -8
-84 -9
-85 -10
-87 -11
-89 -10
-89 -11
-91 -9
-94 -7
-93 -8
-94 -9
-94 -10
-93 -11
-93 -10
-94 -12
-93 -14
-94 -14
-91 -14
-90 -14
-92 -15
-91 -17
-89 -17
-89 -15
-88 -14
-88 -13
-86 -13
-85 -14
-85 -15
-84 -14
-84 -13
-83 -14
-84 -15
-83 -15
-82 -12
-81 -12
-81 -11
-80 -10
-78 -8
-79 -7
-79 -4
-77 -5
-77 -4
-76 -4
-76 -3
-78 -2
-77 -3
-77 -2
-76 -1
-75 -1
-73 -3
-71 -3
-70 -1
-72 1
-71 3
-67 2
-67 1
-66 0
-66 -1
-67 0
-70 -3
-72 -6
-71 -5
-70 -5
-70 -7
-69 -6
-68 -7
-66 -9
-64 -6
-65 -5
-65 -4
-63 -4
-63 -7
-64 -8
-63 -9
-62 -10
-62 -9
-61 -8
-60 -8
-59 -9
-60 -12
-60 -13
-59 -14
-58 -12
-56 -11
-58 -10
-57 -8
-55 -9
-55 -11
-55 -14
-54 -15
-51 -18
-52 -19
-52 -20
-51 -22
-50 -22
-50 -19
-49 -18
-47 -16
-48 -16
-49 -16
-51 -16
-52 -14
-51 -13
-52 -11
-58 -5
-58 -2
-60 0
-61 1
-62 1
-63 2
-63 1
-63 0
-63 -1
-62 0
-50 -10
-49 -10
-47 -12
-46 -11
-47 -11
-49 -12
-47 -14
-46 -13
-45 -14
-44 -16
-45 -17
-46 -17
-48 -19
-48 -20
-48 -21
-46 -23
-44 -25
-42 -24
-44 -22
-43 -20
-43 -22
-38 -27
-36 -26
-36 -24
-38 -24
-39 -26
-41 -29
-41 -28
-42 -30
-44 -29
-46 -29
-47 -31
-46 -31
-48 -33
-50 -35
-49 -35
-50 -34
-49 -32
-52 -33
-51 -34
-54 -37
-57 -39
-58 -38
-60 -38
-60 -37
-59 -38
-57 -40
-58 -41
-59 -41
-58 -43
-57 -44
-56 -46
-56 -48
-54 -50
-52 -48
-52 -49
-53 -49
-52 -50
-52 -51
-53 -52
-50 -52
-49 -52
-50 -53
-50 -54
-47 -56
-47 -57
-45 -55
-44 -55
-45 -54
-44 -53
-41 -49
-40 -49
-38 -47
-35 -48
-34 -47
-36 -46
-37 -45
-35 -45
-36 -43
-38 -41
-37 -43
-39 -41
-44 -46
-43 -46
-41 -46
-40 -46
-40 -47
-41 -47
-44 -50
-46 -50
-47 -50
-49 -49
-46 -47
-49 -45
-50 -45
-53 -45
-54 -44
-55 -44
-55 -43
-56 -42
-60 -45
-61 -46
-59 -46
-59 -47
-58 -49
-57 -51
-60 -52
-62 -51
-64 -50
-65 -50
-65 -51
-63 -53
-65 -53
-67 -55
-70 -54
-71 -55
-72 -56
-78 -58
-78 -57
-76 -59
-75 -60
-74 -59
-72 -59
-71 -58
-70 -56
-66 -56
-66 -58
-67 -58
-69 -59
-68 -60
-69 -60
-70 -62
-70 -63
-69 -64
-67 -64
-68 -66
-72 -67
-72 -66
-74 -67
-75 -65
-75 -64
-74 -62
-74 -63
-73 -64
-73 -63
-72 -63
-78 -64
-77 -62
-78 -62
-79 -66
-77 -67
-74 -70
-74 -71
-73 -72
-71 -74
-71 -75
-69 -75
-68 -78
-70 -78
-68 -79
-71 -78
-73 -80
-74 -78
-75 -79
-74 -77
-75 -77
-72 -77
-70 -77
-73 -74
-74 -74
-74 -75
-76 -73
-75 -73
-75 -72
-73 -71
-75 -69
-75 -71
-76 -72
-78 -70
-77 -69
-76 -70
-78 -69
-78 -71
-80 -69
-80 -68
-81 -69
-82 -69
-86 -74
-85 -75
-85 -76
-84 -78
-85 -77
-86 -76
-87 -77
-89 -77
-91 -75
-92 -72
-94 -71
-95 -70
-94 -70
-94 -69
-91 -68
-89 -66
-90 -65
-90 -64
-88 -66
-87 -66
-88 -64
-89 -63
-91 -62
-89 -61
-91 -60
-92 -60
-91 -58
-90 -57
-91 -56
-89 -53
-88 -55
-88 -56
-89 -57
-90 -56
-91 -55
-91 -54
-91 -53
-92 -52
-93 -51
-93 -49
-92 -47
-91 -46
-93 -45
-91 -45
-89 -47
-88 -46
-88 -45
-90 -46
-90 -47
-90 -48
-86 -52
-84 -50
-82 -52
-82 -56
-79 -55
-77 -56
-78 -56
-74 -55
-75 -54
-76 -53
-75 -53
-74 -53
-73 -52
-72 -51
-70 -53
-70 -52
-69 -51
-70 -51
-71 -50
-70 -49
-71 -48
-70 -47
-71 -47
-72 -48
-75 -49
-76 -50
-76 -49
-77 -50
-77 -49
-77 -48
-79 -49
-80 -50
-81 -50
-80 -51
-82 -49
-82 -48
-83 -49
-84 -48
-81 -46
-84 -43
-85 -45
-85 -46
-87 -50
-88 -50
-89 -50
-90 -51
-88 -54
-85 -54
-86 -55
-86 -56
-88 -57
-89 -59
-87 -59
-86 -60
-87 -61
-88 -63
-85 -66
-83 -66
-85 -64
-81 -63
-82 -63
-83 -62
-82 -61
-80 -61
-79 -60
-77 -59
-74 -58
-72 -60
-70 -59
-66 -67
-67 -68
-67 -70
-69 -72
-71 -70
-69 -69
-67 -72
-68 -73
-65 -76
-65 -78
-62 -80
-61 -80
-61 -77
-58 -77
-60 -76
-59 -76
-60 -75
-62 -76
-62 -74
-63 -72
-65 -72
-63 -69
-61 -70
-61 -69
-63 -66
-62 -65
-65 -62
-62 -59
-62 -58
-60 -56
-59 -56
-58 -56
-57 -57
-59 -58
-59 -60
-63 -62
-64 -64
-62 -62
-59 -64
-57 -64
-56 -64
-56 -63
-55 -64
-54 -63
-54 -62
-55 -60
-55 -59
-53 -57
-55 -56
-56 -55
-55 -54
-54 -54
-52 -55
-51 -57
-52 -59
-52 -58
-52 -60
-51 -61
-50 -61
-49 -62
-49 -61
-49 -60
-47 -62
-47 -63
-48 -61
-46 -59
-45 -60
-44 -61
-43 -61
-42 -60
-45 -63
-44 -63
-42 -62
-40 -63
-39 -62
-38 -63
-32 -68
-33 -70
-32 -71
-31 -70
-31 -74
-31 -72
-29 -70
-28 -71
-29 -72
-29 -71
-27 -71
-26 -72
-26 -74
-27 -73
-28 -74
-29 -75
-29 -76
-26 -77
-25 -79
-23 -81
-23 -79
-19 -77
-21 -76
-20 -75
-20 -76
-21 -78
-19 -78
-18 -77
-17 -78
-15 -76
-15 -75
-14 -78
-15 -77
-16 -78
-17 -77
-19 -79
-17 -81
-18 -82
-19 -82
-21 -83
-23 -85
-23 -87
-23 -88
-21 -88
-21 -87
-21 -86
-19 -86
-19 -88
-19 -89
-19 -92
-18 -91
-17 -92
-16 -93
-14 -95
-15 -96
-14 -98
-14 -97
-18 -100
-17 -99
-15 -100
-14 -100
-11 -98
-10 -98
-12 -96
-10 -94
-11 -93
-11 -94
-13 -92
-13 -90
-16 -90
-18 -90
-20 -90
-21 -91
-24 -89
-23 -90
-25 -87
-26 -86
-25 -84
-25 -83
-25 -82
-27 -80
-28 -79
-29 -79
-28 -81
-29 -82
-31 -82
-32 -83
-33 -82
-36 -84
-37 -83
-38 -84
-38 -85
-38 -86
-37 -87
-38 -87
-38 -88
-38 -89
-36 -88
-35 -89
-36 -90
-36 -91
-36 -89
-35 -88
-35 -87
-35 -85
-32 -86
-30 -87
-31 -89
-33 -90
-34 -90
-34 -91
-33 -91
-35 -93
-37 -93
-39 -94
-40 -92
-40 -90
-41 -88
-42 -88
-43 -86
-44 -85
-45 -85
-44 -83
-46 -82
-45 -82
-47 -81
-47 -80
-48 -78
-48 -75
-46 -73
-44 -71
-45 -72
-46 -71
-44 -69
-45 -68
-45 -69
-43 -71
-42 -71
-41 -73
-41 -72
-38 -75
-38 -74
-39 -77
-40 -77
-40 -76
-40 -75
-42 -75
-42 -77
-43 -78
-42 -78
-39 -80
-39 -79
-38 -81
-39 -81
-37 -82
-38 -82
-39 -83
-40 -83
-37 -81
-35 -82
-34 -83
-33 -81
-31 -80
-32 -79
-32 -78
-33 -79
-35 -78
-32 -77
-32 -76
-35 -76
-34 -75
-36 -75
-34 -74
-36 -72
-37 -72
-36 -69
-38 -68
-39 -67
-39 -66
-42 -68
-43 -67
-45 -66
-46 -64
-47 -65
-47 -66
-47 -67
-48 -67
-48 -68
-50 -69
-51 -68
-50 -67
-50 -65
-52 -64
-53 -67
-54 -66
-53 -66
-54 -65
-55 -66
-56 -67
-55 -68
-53 -69
-56 -70
-57 -72
-58 -71
-59 -73
-58 -75
-56 -77
-54 -79
-55 -79
-54 -77
-52 -80
-52 -81
-51 -80
-50 -79
-48 -79
-53 -74
-53 -75
-50 -75
-48 -74
-49 -76
-46 -77
-50 -74
-53 -77
-57 -80
-57 -83
-55 -81
-57 -82
-55 -83
-54 -83
-53 -84
-51 -84
-48 -85
-50 -87
-52 -85
-53 -85
-54 -87
-56 -86
-57 -86
-56 -87
-56 -85
-57 -85
-58 -87
-63 -91
-64 -91
-64 -92
-65 -94
-66 -94
-69 -95
-72 -97
-74 -95
-76 -93
-77 -94
-80 -96
-79 -94
-78 -95
-76 -97
-78 -97
-77 -96
-76 -95
-73 -96
-74 -97
-75 -98
-77 -99
-75 -99
-74 -100
-73 -98
-73 -97
-71 -99
-70 -99
-68 -98
-67 -98
-65 -97
-60 -99
-62 -99
-62 -97
-64 -98
-63 -96
-63 -95
-64 -95
-65 -96
-67 -93
-67 -91
-66 -91
-69 -89
-68 -88
-67 -89
-70 -87
-70 -88
-71 -87
-70 -86
-70 -85
-71 -85
-73 -84
-73 -85
-74 -82
-75 -81
-75 -82
-76 -79
-77 -80
-80 -79
-79 -79
-80 -78
-81 -75
-80 -75
-79 -74
-80 -73
-81 -74
-83 -72
-86 -72
-86 -71
-86 -68
-85 -68
-88 -68
-88 -69
-89 -72
-90 -71
-88 -72
-89 -70
-92 -73
-92 -71
-93 -71
-96 -68
-98 -65
-98 -63
-99 -62
-100 -62
-98 -60
-99 -60
-99 -58
-98 -57
-100 -55
-99 -55
-100 -56
-99 -56
-100 -57
-98 -55
-100 -53
-99 -54
-97 -52
-98 -52
-95 -54
-95 -53
-96 -53
-94 -51
-95 -51
-96 -51
-95 -48
-96 -49
-97 -49
-100 -51
-100 -48
-92 -55
-94 -57
-96 -58
-95 -58
-97 -61
-95 -61
-93 -65
-93 -64
-93 -66
-93 -68
-96 -66
-97 -67
-98 -67
-97 -69
-99 -70
-100 -72
-100 -71
-100 -74
-99 -77
-96 -78
-100 -82
-99 -82
-100 -84
-98 -79
-100 -78
-99 -78
-96 -81
-93 -79
-96 -77
-94 -76
-91 -74
-91 -73
-94 -75
-95 -74
-98 -71
-97 -72
-96 -72
-99 -75
-97 -77
-95 -80
-92 -78
-94 -77
-95 -79
-93 -76
-94 -79
-91 -82
-91 -84
-89 -82
-91 -81
-90 -82
-89 -81
-86 -82
-86 -81
-84 -81
-83 -82
-84 -84
-85 -87
-89 -86
-87 -88
-86 -93
-87 -94
-88 -94
-89 -95
-89 -94
-91 -93
-93 -91
-92 -90
-91 -91
-90 -90
-90 -87
-88 -89
-88 -90
-87 -91
-87 -90
-86 -90
-85 -91
-85 -90
-86 -88
-86 -86
-85 -85
-83 -88
-81 -86
-82 -87
-82 -84
-85 -82
-84 -83
-85 -84
-87 -83
-89 -83
-93 -85
-92 -84
-94 -84
-96 -85
-98 -84
-99 -85
-97 -86
-96 -89
-98 -89
-99 -91
-99 -92
-97 -91
-99 -93
-96 -95
-94 -97
-93 -96
-94 -95
-95 -94
-99 -96
-97 -99
-95 -98
-98 -100
-96 -97
-98 -97
-97 -98
-100 -97
-100 -100
-96 -100
-91 -99
-92 -99
-90 -100
-90 -98
-89 -98
-87 -96
-86 -95
-86 -96
-85 -98
-86 -100
-85 -100
-83 -100
-81 -100
-80 -99
-82 -96
-83 -97
-84 -96
-83 -95
-81 -94
-83 -93
-82 -90
-81 -87
-79 -85
-79 -84
-78 -84
-78 -85
-78 -86
-77 -87
-75 -86
-73 -88
-74 -88
-76 -89
-78 -90
-75 -93
-72 -93
-69 -93
-65 -90
-66 -89
-67 -88
-67 -86
-67 -85
-66 -84
-64 -82
-64 -84
-62 -82
-60 -83
-68 -83
-68 -81
-67 -81
-66 -81
-65 -80
-62 -86
-63 -86
-62 -87
-60 -87
-59 -88
-59 -87
-55 -92
-57 -90
-59 -92
-56 -91
-54 -91
-51 -94
-49 -94
-49 -95
-51 -97
-52 -97
-52 -95
-53 -96
-55 -94
-57 -94
-58 -97
-57 -98
-56 -97
-53 -100
-51 -100
-51 -99
-49 -100
-50 -100
-48 -99
-49 -98
-47 -96
-46 -96
-45 -94
-43 -92
-44 -91
-46 -92
-46 -91
-47 -90
-45 -88
-46 -87
-47 -87
-48 -88
-49 -89
-49 -90
-46 -95
-45 -95
-44 -95
-43 -97
-44 -98
-45 -98
-46 -99
-43 -99
-41 -98
-38 -99
-36 -100
-33 -98
-33 -97
-32 -97
-31 -96
-29 -95
-27 -95
-27 -94
-26 -94
-25 -93
-23 -92
-22 -92
-22 -93
-21 -93
-18 -94
-17 -95
-17 -97
-18 -98
-19 -98
-20 -97
-19 -96
-22 -96
-23 -95
-24 -96
-24 -99
-23 -99
-24 -98
-26 -100
-27 -99
-29 -97
-30 -98
-30 -99
-32 -100
-37 -96
-36 -95
-35 -94
-34 -95
-31 -94
-32 -93
-31 -91
-28 -90
-26 -89
-25 -88
-17 -87
-16 -88
-15 -86
-16 -84
-14 -81
-13 -81
-12 -81
-11 -83
-13 -85
-11 -85
-8 -88
-6 -89
-4 -87
-3 -86
3 -87
1 -85
1 -83
4 -86
8 -90
6 -89
10 -87
13 -86
14 -85
15 -86
15 -88
18 -87
18 -86
17 -84
18 -85
17 -86
20 -85
21 -87
22 -85
23 -87
24 -87
26 -88
26 -87
28 -87
27 -87
29 -85
30 -85
31 -85
29 -87
28 -86
27 -85
25 -85
26 -84
26 -83
27 -82
27 -81
28 -80
30 -82
32 -82
31 -82
31 -81
32 -81
31 -80
32 -79
32 -78
33 -79
35 -79
34 -78
35 -78
35 -77
36 -77
38 -79
39 -79
40 -79
40 -83
42 -82
43 -81
43 -80
45 -78
43 -78
43 -79
45 -76
44 -75
44 -76
46 -74
46 -72
47 -73
48 -72
48 -71
48 -70
49 -69
50 -70
51 -69
49 -68
49 -67
50 -67
51 -67
52 -66
53 -64
51 -64
51 -62
50 -62
48 -64
47 -65
48 -66
47 -67
46 -67
45 -68
46 -69
47 -69
43 -70
41 -69
42 -67
40 -67
39 -69
41 -71
41 -73
41 -72
39 -74
38 -72
37 -71
35 -72
36 -75
34 -75
33 -74
32 -74
31 -75
29 -73
27 -75
28 -78
29 -79
26 -76
25 -73
25 -72
26 -71
26 -70
24 -70
25 -70
24 -69
25 -69
24 -68
23 -66
22 -65
20 -67
19 -69
19 -70
20 -69
22 -71
20 -70
22 -74
17 -76
18 -75
20 -77
22 -78
22 -82
22 -84
20 -82
20 -81
18 -79
19 -80
21 -81
15 -83
12 -83
13 -83
14 -82
14 -81
16 -82
19 -79
17 -80
16 -81
15 -81
11 -84
10 -84
9 -83
8 -81
8 -79
8 -78
10 -76
12 -75
14 -72
14 -71
16 -71
15 -72
16 -73
14 -73
13 -73
11 -72
11 -73
13 -75
14 -76
12 -76
13 -77
12 -77
12 -79
12 -80
11 -81
10 -80
10 -78
10 -77
8 -77
7 -77
5 -76
3 -77
1 -76
2 -76
0 -78
-3 -76
-3 -75
-5 -73
-3 -72
-1 -70
-2 -71
-1 -72
-1 -71
-2 -68
-2 -67
0 -67
1 -69
3 -70
4 -70
2 -72
2 -73
4 -74
4 -72
5 -73
6 -72
6 -71
8 -63
7 -67
9 -69
11 -67
12 -66
12 -65
14 -70
15 -70
16 -69
17 -68
18 -68
19 -67
18 -66
19 -65
21 -63
20 -62
20 -61
21 -60
22 -60
23 -61
25 -58
22 -59
21 -59
19 -58
21 -56
20 -55
21 -53
21 -52
20 -53
18 -52
17 -51
17 -50
18 -47
17 -48
16 -48
14 -46
14 -47
16 -45
16 -44
18 -40
17 -40
17 -42
16 -42
15 -40
14 -43
12 -45
10 -44
9 -43
11 -43
11 -42
11 -41
11 -40
12 -39
9 -39
11 -37
11 -35
12 -33
11 -31
10 -31
11 -30
10 -29
12 -27
13 -26
13 -24
12 -23
15 -31
14 -31
13 -31
13 -34
15 -33
16 -34
16 -35
18 -36
19 -37
19 -36
20 -37
18 -35
18 -34
19 -32
21 -34
22 -37
23 -39
21 -40
22 -41
21 -42
22 -42
22 -43
23 -43
25 -42
25 -41
26 -41
26 -40
25 -39
25 -38
24 -37
24 -35
25 -35
30 -37
28 -39
28 -38
28 -37
27 -36
28 -36
28 -35
26 -33
27 -33
27 -32
26 -31
26 -30
28 -32
30 -32
32 -30
32 -27
34 -26
35 -26
35 -28
36 -29
37 -28
38 -26
37 -26
37 -24
35 -22
34 -23
33 -23
34 -24
33 -24
32 -23
33 -22
31 -19
30 -18
29 -19
34 -18
35 -16
37 -14
36 -13
38 -15
40 -14
41 -16
42 -15
41 -13
43 -13
46 -15
46 -14
48 -13
47 -12
48 -12
50 -10
48 -9
47 -10
47 -7
48 -7
49 -5
50 -6
48 -5
50 -4
50 -3
51 -2
49 -1
49 1
51 3
50 3
49 4
48 5
47 6
46 6
44 4
44 3
44 2
45 2
46 -4
47 -2
44 -5
44 -6
45 -6
45 -7
43 -11
44 -11
41 -12
35 -19
39 -17
41 -19
39 -20
38 -21
38 -23
39 -24
40 -25
40 -27
43 -23
44 -23
46 -24
44 -26
46 -25
47 -25
46 -22
45 -21
43 -21
43 -18
44 -17
45 -17
45 -18
46 -21
47 -20
48 -21
50 -19
47 -17
50 -17
52 -19
52 -18
52 -16
51 -17
50 -15
53 -14
50 -12
52 -10
53 -10
55 -10
53 -8
54 -8
55 -7
56 -8
56 -7
56 -9
57 -11
59 -10
60 -12
56 -13
55 -13
54 -14
56 -14
55 -16
56 -15
58 -14
59 -15
60 -15
58 -17
57 -18
56 -20
58 -21
59 -20
59 -19
61 -21
61 -19
62 -18
62 -17
64 -18
65 -17
66 -17
66 -18
63 -21
63 -23
61 -23
59 -24
60 -25
63 -25
63 -26
62 -27
61 -27
60 -26
59 -27
57 -25
56 -25
55 -24
54 -24
54 -22
55 -23
54 -23
51 -22
51 -21
49 -24
50 -24
50 -25
51 -26
50 -26
48 -28
48 -29
47 -28
45 -28
47 -30
50 -28
50 -29
51 -30
52 -31
52 -30
53 -30
54 -28
55 -27
53 -27
54 -29
54 -30
57 -29
58 -30
61 -30
60 -30
58 -32
56 -33
55 -33
53 -33
56 -36
54 -39
54 -40
54 -41
53 -42
53 -43
53 -44
55 -41
56 -40
56 -41
57 -42
59 -40
59 -39
59 -36
60 -37
61 -35
63 -34
64 -34
66 -36
66 -37
64 -36
66 -34
65 -34
67 -33
69 -33
70 -32
69 -32
69 -31
70 -34
71 -34
72 -34
74 -34
73 -36
72 -36
69 -37
71 -38
72 -39
75 -39
76 -38
76 -36
75 -37
75 -36
76 -37
78 -36
80 -34
80 -35
80 -36
81 -35
82 -35
84 -34
84 -35
85 -34
87 -36
87 -34
89 -31
89 -30
88 -29
89 -24
90 -23
88 -25
89 -27
88 -27
86 -28
85 -31
89 -34
91 -34
92 -35
93 -32
91 -29
90 -29
91 -30
94 -29
94 -30
97 -32
99 -30
99 -29
95 -26
94 -27
95 -27
97 -26
100 -24
99 -25
99 -26
98 -25
96 -24
95 -23
94 -24
93 -25
94 -22
93 -21
95 -18
94 -19
92 -19
90 -18
88 -20
87 -18
86 -16
88 -14
90 -12
89 -11
90 -11
86 -14
87 -12
86 -10
85 -9
83 -12
84 -14
83 -15
81 -13
81 -11
80 -9
81 -7
79 -5
81 -5
82 -4
82 -3
82 -2
81 -1
81 0
79 1
78 0
77 1
77 3
78 6
80 6
80 7
81 6
82 6
83 7
86 7
86 9
88 9
87 7
89 6
90 6
91 5
93 4
95 5
95 4
95 2
96 1
96 -1
94 -1
96 0
97 1
100 2
100 -2
97 -6
100 -4
98 -4
99 -4
99 -5
97 -8
100 -11
99 -12
100 -14
99 -13
96 -14
97 -15
98 -16
99 -18
100 -17
98 -18
96 -16
95 -15
94 -14
94 -15
93 -16
92 -15
92 -13
91 -14
94 -11
94 -9
93 -9
95 -11
97 -10
99 -8
97 -9
95 -8
96 -8
93 -7
92 -5
93 -4
92 -3
92 -1
92 0
91 2
90 3
89 3
87 2
85 0
84 -2
85 -1
86 -1
85 -2
84 -3
86 -5
85 -5
86 -6
87 -7
88 -9
90 -10
91 -8
89 -6
88 -5
89 -2
86 2
85 1
84 3
83 1
82 2
82 3
81 3
82 0
80 -3
79 -4
78 -4
77 -5
77 -4
76 -3
74 0
74 1
71 1
72 0
72 -1
73 -2
73 -3
77 -6
76 -7
75 -7
73 -6
71 -4
70 -3
70 1
71 3
72 4
71 5
71 6
72 8
74 10
74 9
74 8
73 8
70 8
71 10
72 10
71 12
72 13
73 14
70 17
71 16
69 13
67 10
65 11
64 7
63 6
62 5
60 3
60 5
59 5
59 6
63 9
60 9
60 10
60 12
58 14
60 16
62 18
64 16
65 16
65 15
65 14
64 15
63 15
62 16
65 19
63 20
62 21
65 23
63 25
62 27
64 26
64 27
65 25
66 26
66 29
66 28
66 30
64 30
67 34
62 35
61 33
59 33
57 34
57 33
55 36
57 38
52 39
53 38
52 35
51 31
49 33
48 32
48 33
47 34
44 35
45 36
43 35
43 34
45 32
46 31
48 30
49 28
49 27
48 28
47 28
49 26
50 24
51 24
49 24
49 25
51 27
55 29
54 28
55 25
56 26
57 26
57 25
55 26
58 30
58 29
60 26
59 25
61 24
61 23
60 21
59 20
56 22
55 22
54 23
54 21
54 20
51 22
51 21
51 19
50 18
49 18
49 20
47 21
47 24
46 24
45 26
45 28
44 30
43 31
41 32
40 32
38 32
38 31
39 30
38 29
38 28
39 27
41 27
41 26
42 24
43 26
41 28
38 27
37 26
36 25
38 26
36 28
37 31
38 33
37 33
38 35
36 37
33 40
33 38
31 37
33 36
35 37
38 39
39 38
38 38
39 39
40 38
43 37
41 38
42 41
45 41
47 41
48 39
45 38
46 38
49 36
50 36
49 38
50 40
50 41
50 43
48 42
46 45
47 47
49 46
50 45
51 45
53 45
51 49
52 49
53 49
54 50
53 50
52 51
52 52
54 53
55 52
56 52
55 50
56 51
58 49
60 51
58 53
59 54
58 54
55 54
56 55
58 56
59 55
61 55
61 56
62 60
61 62
61 63
62 62
59 59
57 57
56 58
55 59
53 58
54 59
55 57
55 58
54 56
53 56
51 56
51 57
51 58
51 60
49 60
47 58
45 59
43 58
43 57
43 56
43 55
44 56
45 55
43 53
43 52
43 51
44 51
45 51
47 49
46 48
46 47
45 47
42 46
41 48
41 49
39 50
39 52
42 47
43 46
42 48
42 49
40 47
39 48
39 43
36 45
27 40
27 38
28 35
27 34
29 33
27 31
27 30
30 30
33 28
35 30
36 31
35 32
32 32
32 31
31 30
31 28
30 27
29 28
29 27
27 27
26 27
25 28
24 27
23 26
24 25
25 25
27 25
28 26
27 28
25 30
23 31
21 32
23 34
22 35
22 36
20 38
20 39
19 39
18 40
17 40
19 43
24 46
24 45
27 46
26 48
24 49
24 50
23 53
21 54
22 56
23 58
24 59
25 60
26 60
26 56
27 56
26 55
26 54
27 51
28 52
29 52
29 55
29 56
30 57
31 56
32 57
34 58
34 60
32 59
30 61
30 62
32 64
34 62
35 62
36 64
35 63
37 64
39 64
38 64
39 66
41 65
42 64
43 64
45 64
47 63
48 63
51 62
52 62
52 66
50 68
48 69
45 67
44 66
44 68
45 69
44 69
45 71
45 72
44 72
42 72
42 70
41 68
39 70
37 69
38 69
36 68
35 67
34 67
32 69
29 66
31 66
32 66
33 67
35 69
35 71
36 73
37 72
34 73
39 78
36 77
36 80
39 81
40 81
41 82
43 82
44 85
42 85
42 84
45 84
46 84
47 85
45 83
47 81
49 79
49 80
46 79
46 76
46 75
46 74
44 73
42 76
42 77
43 79
42 80
41 79
38 76
40 76
41 75
40 75
41 74
40 72
38 71
38 72
39 73
37 71
35 73
33 73
34 74
31 77
31 78
34 77
35 80
34 79
32 76
31 74
32 74
32 73
31 73
30 74
28 73
29 72
31 72
29 70
26 72
25 74
27 76
30 78
31 79
29 78
29 77
25 78
24 78
22 78
22 77
20 79
21 79
23 81
26 80
23 83
21 83
16 86
17 86
16 84
17 82
18 83
18 84
20 86
21 87
20 88
17 89
16 88
14 90
11 90
10 90
10 89
9 88
9 85
8 86
9 86
8 87
7 86
8 85
9 83
10 81
11 83
11 84
10 85
12 86
13 87
13 86
13 83
14 82
15 81
16 80
15 80
16 81
13 78
12 79
12 78
12 77
12 75
14 73
13 75
7 71
5 71
4 70
3 70
2 71
3 71
4 71
3 69
2 70
1 70
1 71
2 72
2 73
1 74
0 75
-1 77
-1 79
0 80
0 81
2 80
2 81
4 79
6 80
8 81
6 83
5 87
3 87
3 86
2 84
1 84
0 84
0 85
-2 87
-3 87
-1 90
0 88
1 89
1 90
2 92
1 93
3 93
4 92
5 92
3 89
7 90
8 92
11 93
13 94
13 93
19 99
18 98
17 99
17 96
18 95
20 97
20 99
21 97
23 96
24 95
23 94
23 95
25 93
25 97
27 96
27 97
26 98
24 100
26 99
27 100
29 97
29 96
30 97
31 97
32 97
31 100
34 99
33 98
34 97
35 97
36 96
36 97
37 98
37 97
40 98
41 98
43 98
44 98
44 95
42 94
43 94
41 94
40 93
38 93
39 94
39 92
40 89
40 88
42 90
43 89
44 88
45 88
47 87
48 87
50 84
51 85
53 86
53 85
53 84
54 85
53 83
54 82
52 82
51 80
54 78
57 75
59 75
58 74
58 75
56 74
57 77
54 74
54 75
51 75
51 76
50 76
51 73
53 72
54 71
53 70
55 72
56 71
57 71
59 69
59 70
58 71
61 74
63 75
61 76
63 78
62 77
60 78
58 81
61 81
58 82
56 84
58 87
58 85
57 85
59 85
62 86
60 87
58 90
54 91
54 90
52 90
50 90
50 91
51 91
49 93
47 92
47 93
47 94
45 92
46 94
48 93
48 94
48 98
50 98
51 99
52 99
52 98
51 94
52 94
53 95
52 95
54 93
55 92
56 93
57 96
58 97
58 98
58 100
56 100
55 100
56 98
59 95
60 94
62 95
60 97
61 99
61 98
57 95
59 92
60 92
61 91
62 91
64 89
65 88
64 88
64 87
65 86
66 84
63 81
61 80
61 82
62 85
62 84
63 83
63 84
67 87
67 86
68 87
68 88
69 89
65 89
65 92
66 94
65 95
64 94
66 92
66 91
67 92
69 90
72 92
70 93
71 94
69 96
67 99
65 98
64 99
64 100
66 99
66 97
65 96
68 99
70 98
73 95
72 95
72 97
73 96
74 99
75 96
76 93
74 92
79 96
79 98
78 100
79 99
80 99
81 96
81 97
82 99
82 100
85 99
85 98
83 96
84 96
86 96
86 97
88 99
88 100
88 97
87 96
88 95
89 94
91 96
94 94
93 93
96 97
94 99
92 99
91 98
92 100
94 100
96 100
99 100
98 100
96 98
99 94
100 95
100 96
100 99
96 95
100 98
99 98
98 95
95 92
97 90
97 89
96 92
99 91
100 90
97 85
95 87
95 84
93 85
94 88
90 84
88 85
88 83
89 82
89 81
91 80
90 79
93 79
94 80
94 81
96 79
99 77
99 74
100 73
99 72
97 71
95 72
98 70
100 70
100 68
97 68
96 69
95 70
96 68
92 70
91 71
91 72
92 73
93 72
92 74
91 74
90 73
87 73
86 72
85 72
84 72
86 75
86 79
86 78
87 78
90 77
89 76
92 78
95 74
97 75
97 77
99 78
100 79
98 80
100 82
99 82
97 84
99 85
100 89
95 89
93 91
90 88
89 87
88 89
86 88
87 89
88 88
87 87
85 85
85 83
82 83
81 82
80 83
79 87
77 85
78 84
80 80
82 72
82 75
83 77
83 78
85 81
85 84
84 83
84 84
84 85
81 87
80 86
78 88
79 88
84 89
84 90
85 90
86 90
85 92
85 93
84 94
84 93
83 94
83 93
82 93
81 95
80 94
78 95
77 94
77 93
78 91
77 91
78 90
76 88
74 86
73 87
73 86
72 85
73 84
75 84
76 85
77 86
76 84
78 82
78 80
77 79
76 79
75 80
74 79
75 81
74 81
73 82
71 83
70 81
71 78
70 78
69 78
67 76
68 74
68 75
69 76
69 74
71 74
69 72
69 71
67 70
66 70
66 71
65 72
64 73
63 72
61 72
61 70
62 70
59 68
60 67
59 66
57 65
55 67
55 66
56 64
58 64
57 62
58 62
60 63
62 65
64 63
65 62
67 59
66 58
67 58
66 57
64 58
66 56
66 55
67 54
68 52
65 50
68 53
64 54
63 51
62 50
65 52
65 54
67 55
69 57
69 58
70 57
70 58
71 57
70 56
71 54
71 53
72 55
73 56
74 55
73 54
74 53
74 52
77 54
79 55
79 56
76 58
75 60
74 58
73 58
73 59
72 62
74 63
74 64
72 65
73 64
70 64
69 64
68 62
67 65
66 67
66 66
65 68
63 68
64 69
66 68
69 65
69 66
68 67
68 68
69 69
69 70
71 71
72 71
72 70
73 71
74 70
75 71
73 73
73 74
73 75
74 77
76 76
76 77
78 77
79 75
78 74
79 74
81 72
79 70
77 70
75 69
73 68
73 69
74 68
75 67
76 64
77 65
78 65
78 67
81 66
80 63
80 62
80 60
80 58
81 57
82 57
81 59
83 56
83 55
84 52
86 50
83 52
84 53
87 51
86 52
86 53
87 53
87 55
86 56
86 57
89 60
88 59
86 61
85 61
84 61
83 60
85 59
83 61
83 62
84 65
84 66
85 65
85 68
88 69
89 70
90 70
90 69
91 66
91 64
91 63
90 64
89 65
88 67
89 67
92 65
92 64
93 62
94 63
96 66
97 65
95 63
98 62
100 61
98 60
97 59
96 60
95 61
95 58
94 56
94 55
93 55
92 56
91 56
95 51
96 50
100 54
99 53
99 52
93 47
91 46
89 46
89 49
90 51
89 51
88 51
86 49
86 48
88 46
92 43
92 42
91 41
92 40
90 41
88 38
87 40
87 41
86 39
85 40
84 42
83 43
85 44
86 44
86 45
85 46
81 49
82 49
83 47
81 47
81 48
81 46
79 44
78 44
77 44
75 43
79 41
78 40
79 38
80 39
79 37
78 37
75 37
76 37
78 38
73 40
72 40
75 46
73 47
75 48
77 50
78 52
79 52
80 53
82 52
82 51
80 49
80 48
82 46
83 45
82 47
81 45
82 45
81 43
82 42
81 42
81 40
82 39
85 38
84 38
83 37
80 36
85 31
86 29
85 29
86 27
87 28
85 26
86 25
87 24
88 24
90 25
90 27
91 27
94 26
95 23
95 24
94 25
92 22
95 21
94 20
93 19
92 20
93 17
90 17
90 18
92 17
91 18
89 21
88 19
89 20
86 23
87 21
86 18
87 16
85 15
84 15
82 13
83 17
83 18
82 19
82 20
84 18
85 19
87 19
89 19
85 21
82 24
83 26
82 27
82 30
85 33
87 35
88 34
90 36
91 37
90 38
90 39
89 40
91 42
93 42
93 40
95 43
96 44
96 45
97 46
95 49
94 47
94 51
93 51
97 47
99 48
100 45
99 46
100 43
98 42
98 43
99 41
99 39
99 36
100 35
98 35
98 36
99 35
100 34
100 33
100 30
99 31
98 29
97 28
94 27
95 28
95 29
93 31
91 32
90 33
89 32
92 34
92 35
93 36
93 37
93 38
94 38
95 39
96 39
96 38
96 37
96 36
96 34
94 35
94 34
93 33
96 27
97 29
99 28
98 26
99 25
99 23
98 24
98 23
97 22
98 21
100 22
100 21
98 20
97 20
100 16
98 13
98 12
97 12
100 12
100 13
99 11
97 9
99 9
100 8
100 5
99 5
100 7
98 6
95 8
94 9
93 9
95 11
96 9
96 11
94 12
92 11
91 12
93 14
92 15
91 14
92 12
89 14
89 13
88 12
89 11
88 10
87 10
86 10
85 11
86 12
79 18
80 19
80 21
81 22
82 22
81 24
78 21
77 20
78 20
75 22
73 21
75 18
76 17
78 15
78 18
79 15
78 13
77 12
77 11
76 11
74 13
76 9
76 8
75 7
74 6
73 6
70 3
69 1
66 -1
66 -2
66 -4
67 -4
68 -6
70 -6
74 -9
72 -9
70 -11
67 -8
66 -9
67 -11
70 -13
69 -13
67 -14
66 -13
64 -13
66 -12
66 -10
66 -11
64 -10
63 -9
66 -7
64 -7
65 -7
67 -6
68 -7
69 -7
73 -11
74 -12
72 -13
72 -15
71 -16
71 -17
70 -17
68 -19
70 -19
68 -21
68 -23
69 -21
70 -21
70 -22
67 -24
66 -23
65 -24
66 -26
67 -26
70 -28
72 -26
66 -30
64 -31
63 -31
63 -29
64 -30
66 -29
69 -26
70 -25
71 -26
73 -27
74 -26
75 -29
74 -29
73 -28
72 -30
73 -31
74 -32
76 -31
76 -29
76 -27
76 -26
77 -24
75 -23
75 -24
73 -24
72 -22
77 -14
76 -14
77 -13
77 -12
80 -13
80 -15
80 -18
77 -19
76 -19
77 -18
79 -20
82 -21
81 -19
83 -21
84 -20
86 -20
86 -21
87 -22
85 -24
85 -25
82 -25
81 -26
80 -25
80 -29
80 -30
81 -29
81 -31
79 -33
80 -32
80 -33
81 -34
82 -32
83 -30
85 -32
86 -31
87 -30
89 -29
89 -28
91 -31
93 -33
92 -33
94 -32
95 -33
95 -34
95 -36
95 -37
93 -40
96 -42
100 -41
98 -40
100 -39
98 -37
100 -35
100 -34
99 -36
97 -40
100 -44
100 -42
100 -47
99 -49
98 -49
100 -51
99 -53
98 -54
98 -55
97 -55
96 -54
98 -52
97 -52
97 -51
95 -50
93 -52
93 -51
92 -50
91 -51
90 -52
90 -54
90 -55
92 -55
92 -54
93 -55
94 -54
93 -54
93 -53
94 -51
95 -51
94 -50
91 -47
93 -47
92 -48
89 -49
87 -49
86 -51
88 -50
87 -52
84 -52
85 -55
86 -52
83 -55
82 -54
80 -53
82 -52
80 -54
81 -56
83 -53
80 -56
79 -56
81 -54
85 -49
88 -47
87 -45
85 -47
85 -46
86 -44
88 -42
87 -42
86 -42
86 -41
86 -40
86 -39
87 -38
87 -37
89 -38
89 -39
90 -39
90 -40
91 -39
93 -38
92 -40
90 -42
90 -43
90 -44
93 -44
90 -46
88 -48
87 -51
85 -51
87 -53
88 -55
89 -58
88 -56
87 -57
93 -62
91 -63
91 -64
92 -64
94 -66
93 -67
94 -65
97 -65
99 -68
100 -63
98 -63
98 -62
97 -64
96 -63
96 -62
97 -63
97 -62
96 -61
95 -61
98 -59
95 -59
94 -59
93 -59
91 -61
89 -63
89 -62
87 -63
86 -66
85 -65
84 -66
82 -69
82 -68
80 -66
81 -66
85 -69
84 -71
83 -71
82 -71
81 -70
80 -72
80 -73
83 -75
83 -76
82 -78
80 -78
81 -78
80 -76
79 -75
77 -74
76 -75
75 -74
73 -73
73 -72
72 -72
71 -71
72 -70
73 -68
73 -65
74 -67
75 -68
75 -69
76 -70
77 -71
78 -68
77 -68
73 -66
74 -68
76 -66
76 -65
77 -64
75 -66
74 -64
76 -64
77 -65
79 -66
80 -64
78 -63
78 -65
75 -62
74 -62
74 -59
73 -56
70 -53
72 -55
74 -55
75 -54
76 -52
79 -49
80 -47
82 -48
83 -46
81 -48
80 -49
81 -45
81 -44
80 -45
80 -44
80 -42
81 -42
83 -43
83 -42
83 -41
82 -40
78 -37
78 -38
78 -39
79 -39
79 -40
79 -41
79 -42
77 -44
76 -45
75 -45
74 -43
76 -43
77 -43
78 -42
78 -43
79 -44
78 -46
77 -47
77 -50
77 -49
76 -49
78 -49
78 -48
77 -51
75 -55
78 -60
77 -59
76 -59
75 -59
73 -57
70 -55
67 -58
67 -60
65 -61
63 -64
61 -66
60 -66
61 -68
61 -69
57 -66
56 -65
55 -65
57 -67
54 -69
56 -73
54 -72
56 -77
56 -79
58 -80
58 -81
59 -82
59 -83
58 -82
58 -83
57 -85
56 -86
56 -87
59 -88
58 -89
61 -86
61 -87
61 -88
62 -89
61 -89
63 -89
62 -91
64 -91
62 -92
61 -94
60 -94
59 -94
58 -94
60 -95
59 -97
61 -97
63 -98
65 -100
64 -100
64 -98
67 -99
66 -98
69 -97
69 -98
70 -97
71 -99
72 -100
72 -99
74 -100
74 -99
75 -99
76 -100
72 -96
71 -96
70 -94
67 -96
66 -95
65 -95
65 -94
66 -93
67 -93
69 -92
70 -91
71 -92
71 -93
72 -93
74 -91
75 -88
73 -89
72 -89
72 -88
71 -87
69 -87
69 -88
68 -90
66 -87
67 -85
67 -84
65 -85
64 -86
63 -83
62 -84
61 -84
60 -83
60 -80
62 -82
63 -80
60 -77
61 -77
63 -77
63 -76
63 -74
65 -74
66 -75
66 -76
68 -78
69 -81
69 -80
71 -78
70 -78
69 -76
67 -76
69 -75
71 -76
75 -78
75 -77
76 -78
76 -79
77 -81
76 -81
75 -82
73 -81
76 -84
75 -85
74 -85
76 -83
77 -82
79 -80
78 -83
80 -84
78 -86
79 -87
82 -89
81 -87
83 -84
85 -86
86 -88
87 -87
86 -86
85 -84
86 -84
87 -85
88 -85
87 -83
89 -85
90 -85
90 -82
91 -82
90 -81
91 -80
90 -79
89 -78
92 -78
94 -76
95 -76
96 -77
97 -77
96 -76
97 -75
100 -76
99 -78
98 -81
96 -84
97 -84
100 -87
100 -86
99 -85
100 -85
100 -89
100 -90
99 -92
100 -93
97 -96
98 -92
96 -92
95 -93
96 -90
94 -90
93 -89
92 -90
92 -91
91 -92
92 -94
95 -96
93 -100
94 -100
94 -99
92 -97
93 -96
91 -97
90 -99
90 -100
89 -98
86 -99
84 -98
80 -99
80 -100
79 -98
75 -95
74 -96
78 -95
75 -94
76 -93
77 -92
76 -90
78 -90
79 -89
80 -89
82 -90
81 -92
83 -93
83 -94
83 -95
85 -93
88 -96
89 -94
88 -92
90 -91
90 -90
90 -89
90 -87
92 -88
92 -87
93 -85
92 -86
92 -85
94 -86
95 -85
93 -82
93 -80
92 -79
91 -81
88 -84
85 -81
85 -80
86 -78
86 -79
85 -79
87 -79
87 -76
88 -77
88 -76
89 -75
91 -75
90 -73
92 -73
92 -74
93 -74
94 -74
93 -71
91 -71
89 -70
87 -69
88 -68
90 -67
89 -66
87 -65
85 -64
84 -64
84 -62
85 -61
83 -61
83 -60
84 -58
85 -57
83 -56
79 -59
80 -59
79 -60
78 -59
74 -60
72 -59
72 -61
71 -62
70 -62
69 -64
70 -63
72 -65
69 -68
68 -67
70 -64
68 -66
66 -68
64 -68
62 -67
63 -66
61 -64
62 -63
64 -61
64 -59
67 -56
67 -54
67 -55
68 -57
70 -58
68 -62
66 -65
65 -66
66 -66
69 -67
69 -71
67 -71
64 -69
64 -71
63 -72
60 -74
59 -72
58 -71
60 -75
56 -72
55 -74
53 -73
52 -73
51 -75
51 -77
49 -76
48 -75
47 -76
47 -77
46 -79
45 -80
46 -81
47 -82
47 -81
49 -83
52 -84
53 -84
54 -82
53 -79
50 -80
50 -79
49 -79
47 -80
48 -81
46 -84
47 -84
46 -86
46 -87
45 -88
46 -89
47 -90
45 -89
44 -88
44 -87
43 -87
41 -87
41 -86
38 -83
37 -82
36 -82
38 -84
35 -84
35 -85
35 -86
32 -86
32 -87
31 -89
32 -91
34 -89
36 -90
36 -88
38 -87
39 -87
41 -88
43 -88
42 -91
44 -92
45 -90
45 -91
47 -93
47 -94
47 -95
46 -96
47 -97
46 -98
46 -97
47 -98
48 -97
50 -95
51 -92
50 -91
49 -90
48 -89
49 -87
51 -88
52 -89
53 -89
54 -93
55 -92
57 -90
57 -91
56 -91
52 -95
56 -95
55 -97
57 -95
58 -98
56 -100
57 -98
60 -100
61 -100
61 -98
58 -100
55 -98
53 -100
52 -100
51 -98
50 -97
47 -100
46 -100
45 -98
44 -99
40 -99
41 -97
43 -95
42 -94
41 -93
41 -91
40 -90
40 -91
39 -92
38 -93
36 -92
35 -93
36 -94
36 -95
37 -95
40 -96
38 -98
38 -97
37 -98
35 -97
34 -98
34 -100
33 -98
32 -96
31 -96
33 -94
32 -95
31 -95
30 -97
29 -97
28 -98
30 -99
29 -100
27 -100
26 -100
23 -100
21 -99
20 -99
20 -98
21 -96
23 -95
24 -95
24 -96
23 -97
24 -97
25 -97
27 -95
26 -93
27 -93
28 -94
29 -95
29 -94
30 -93
31 -93
32 -93
31 -91
29 -90
27 -92
26 -91
24 -90
23 -91
22 -91
21 -90
20 -89
21 -89
18 -90
17 -92
18 -94
17 -94
16 -96
13 -98
14 -100
15 -99
16 -98
17 -97
17 -96
18 -99
17 -99
16 -100
16 -99
15 -98
12 -96
10 -100
9 -97
10 -97
11 -96
13 -94
11 -93
11 -91
11 -89
13 -91
10 -94
8 -96
6 -98
7 -98
5 -99
2 -97
5 -97
7 -96
9 -96
7 -93
4 -91
5 -90
4 -90
2 -88
1 -89
-1 -91
-3 -89
-2 -89
-1 -90
-2 -91
-6 -91
-7 -92
-6 -92
-8 -93
-10 -92
-12 -92
-13 -91
-12 -88
-13 -88
-12 -89
-11 -90
-10 -89
-8 -89
-8 -91
-6 -93
-3 -90
-5 -95
-2 -93
-1 -93
-1 -95
-6 -99
-5 -99
-3 -98
-1 -99
-2 -99
0 -97
1 -96
2 -95
3 -94
8 -93
7 -89
8 -89
8 -88
8 -86
8 -87
7 -86
5 -86
5 -85
3 -84
2 -82
5 -83
2 -81
1 -80
1 -79
3 -81
3 -80
1 -81
2 -83
0 -82
-2 -84
-3 -84
-4 -84
-2 -86
0 -85
-1 -83
0 -83
1 -82
-1 -79
-2 -79
-3 -78
-3 -79
-4 -79
-4 -81
-6 -82
-6 -83
-5 -84
-7 -84
-8 -83
-8 -82
-6 -79
-9 -76
-8 -79
-5 -81
-7 -79
-8 -76
-6 -74
-7 -74
-7 -77
-6 -77
-3 -74
-4 -73
-7 -76
-6 -73
-7 -70
-6 -69
-5 -68
-4 -68
-4 -67
-6 -68
-5 -69
-5 -70
-6 -71
-9 -68
-12 -68
-11 -68
-11 -66
-12 -67
-11 -71
-11 -70
-11 -73
-12 -72
-12 -73
-14 -73
-15 -74
-17 -73
-17 -72
-18 -72
-17 -71
-16 -69
-17 -69
-17 -68
-18 -68
-20 -66
-21 -65
-22 -67
-21 -69
-20 -68
-21 -71
-20 -69
-22 -70
-20 -72
-23 -73
-23 -71
-25 -70
-25 -69
-27 -67
-27 -66
-25 -64
-24 -63
-26 -65
-28 -63
-28 -61
-27 -61
-26 -62
-24 -61
-24 -60
-24 -62
-22 -60
-21 -60
-20 -61
-20 -62
-21 -63
-19 -62
-19 -60
-19 -59
-18 -58
-17 -57
-18 -57
-21 -56
-20 -56
-20 -55
-20 -54
-19 -53
-18 -52
-19 -51
-19 -50
-21 -49
-20 -48
-21 -47
-22 -45
-23 -45
-23 -43
-22 -42
-21 -42
-20 -43
-20 -45
-22 -48
-18 -48
-17 -50
-16 -49
-17 -51
-16 -53
-15 -54
-14 -54
-13 -54
-14 -55
-15 -58
-16 -59
-13 -61
-16 -62
-17 -64
-17 -65
-14 -65
-12 -64
-10 -63
-8 -62
-7 -62
-8 -64
-8 -65
-5 -64
-4 -64
-5 -62
-6 -60
-5 -61
-5 -60
-5 -59
-7 -58
-10 -60
-11 -60
-11 -58
-12 -55
-11 -54
-10 -54
-9 -54
-12 -53
-13 -53
-13 -52
-15 -50
-14 -51
-13 -51
-10 -50
-8 -52
-7 -51
-6 -50
-4 -49
-3 -50
-4 -51
-5 -53
-6 -53
-6 -55
-5 -55
-6 -56
-4 -57
-2 -60
-2 -59
-7 -55
-8 -54
-8 -53
-9 -53
-13 -48
-11 -44
-12 -45
-13 -44
-16 -45
-18 -47
-17 -46
-15 -46
-16 -44
-17 -42
-16 -42
-14 -41
-14 -42
-15 -41
-18 -41
-11 -43
-13 -46
-10 -47
-9 -47
-7 -47
-7 -46
-6 -47
-5 -46
-5 -45
-6 -44
-7 -43
-8 -41
-7 -40
-6 -39
-5 -37
-6 -36
-5 -35
-5 -36
-6 -33
-6 -34
-8 -32
-10 -30
-10 -29
-12 -28
-12 -26
-12 -25
-11 -24
-9 -26
-10 -27
-7 -27
-6 -27
-7 -26
-9 -25
-7 -23
-9 -23
-10 -22
-12 -20
-11 -21
-10 -20
-12 -22
-12 -21
-13 -20
-14 -21
-16 -21
-16 -19
-19 -22
-17 -22
-17 -21
-15 -23
-14 -23
-16 -25
-19 -26
-19 -27
-20 -28
-21 -27
-21 -25
-21 -24
-22 -24
-23 -23
-24 -22
-24 -23
-25 -22
-27 -21
-29 -23
-28 -23
-26 -25
-25 -27
-24 -29
-23 -28
-21 -30
-23 -32
-24 -33
-23 -34
-22 -34
-15 -29
-15 -30
-12 -32
-11 -31
-11 -32
-11 -33
-11 -35
-11 -37
-12 -37
-15 -35
-17 -33
-19 -35
-19 -34
-18 -35
-21 -39
-23 -38
-26 -38
-25 -38
-26 -39
-27 -39
-25 -41
-26 -44
-26 -43
-25 -44
-27 -42
-27 -41
-28 -40
-29 -40
-30 -40
-30 -39
-32 -43
-29 -45
-29 -46
-27 -49
-26 -48
-26 -47
-25 -48
-24 -49
-23 -51
-23 -52
-24 -52
-25 -53
-26 -54
-27 -55
-26 -56
-24 -53
-25 -54
-23 -56
-25 -58
-26 -58
-26 -59
-27 -59
-28 -57
-32 -61
-31 -61
-30 -61
-29 -64
-28 -65
-29 -66
-30 -64
-33 -64
-34 -66
-36 -64
-34 -62
-36 -60
-35 -60
-33 -58
-32 -57
-31 -57
-31 -56
-30 -55
-31 -55
-33 -55
-34 -55
-35 -56
-36 -55
-37 -56
-38 -58
-37 -59
-38 -59
-40 -57
-41 -57
-42 -56
-43 -55
-42 -54
-41 -53
-40 -54
-37 -51
-37 -52
-34 -53
-34 -52
-35 -51
-34 -51
-32 -50
-30 -52
-28 -52
-27 -52
-27 -51
-29 -50
-29 -49
-31 -45
-30 -43
-32 -40
-33 -39
-40 -32
-41 -33
-43 -34
-45 -35
-44 -34
-45 -34
-46 -34
-47 -35
-46 -36
-46 -37
-45 -39
-48 -40
-49 -40
-51 -39
-52 -39
-53 -38
-52 -38
-52 -36
-54 -35
-55 -34
-57 -34
-57 -33
-58 -33
-60 -32
-64 -30
-64 -29
-65 -28
-62 -28
-60 -29
-61 -30
-62 -31
-64 -33
-64 -34
-65 -33
-66 -35
-67 -33
-69 -32
-69 -31
-70 -31
-71 -31
-71 -28
-73 -30
-74 -31
-75 -30
-78 -26
-79 -24
-78 -24
-82 -25
-85 -28
-87 -28
-85 -30
-86 -30
-86 -26
-86 -27
-86 -28
-86 -29
-85 -32
-86 -33
-90 -30
-89 -31
-92 -34
-93 -33
-94 -35
-95 -35
-96 -35
-94 -37
-96 -38
-96 -39
-94 -39
-95 -41
-93 -43
-92 -42
-93 -41
-95 -43
-98 -44
-99 -44
-100 -44
-100 -41
-99 -40
-100 -38
-98 -38
-98 -36
-97 -35
-99 -33
-98 -32
-96 -33
-99 -34
-96 -32
-99 -32
-100 -31
-99 -29
-100 -30
-99 -27
-100 -27
-98 -27
-97 -29
-96 -27
-97 -25
-96 -26
-93 -26
-93 -27
-92 -30
-91 -30
-90 -29
-90 -28
-90 -27
-91 -25
-90 -26
-89 -25
-88 -25
-86 -23
-87 -24
-88 -23
-88 -24
-86 -24
-84 -24
-83 -25
-82 -27
-82 -28
-82 -29
-81 -29
-81 -30
-79 -29
-79 -31
-78 -32
-77 -35
-74 -36
-73 -35
-71 -33
-70 -35
-69 -36
-68 -37
-67 -38
-69 -40
-70 -38
-71 -38
-73 -37
-73 -38
-74 -38
-76 -40
-77 -41
-78 -39
-76 -37
-77 -36
-79 -35
-80 -36
-79 -34
-80 -33
-82 -33
-82 -36
-81 -37
-80 -35
-81 -38
-83 -38
-83 -37
-84 -36
-85 -37
-87 -38
-88 -37
-90 -38
-87 -41
-87 -42
-87 -43
-84 -45
-82 -44
-83 -42
-84 -41
-82 -40
-81 -42
-79 -42
-78 -44
-77 -45
-78 -45
-76 -44
-74 -45
-73 -43
-70 -42
-69 -43
-67 -40
-67 -41
-67 -43
-65 -42
-66 -43
-65 -41
-65 -39
-63 -41
-62 -41
-62 -42
-61 -42
-63 -44
-64 -46
-65 -47
-67 -49
-68 -49
-68 -47
-68 -48
-67 -47
