# distance=16037
19 26
95 97
91 103
87 109
80 120
79 123
81 119
78 124
74 133
73 134
69 144
61 164
54 191
50 229
152 205
155 195
164 175
101 89
100 90
103 86
106 82
112 75
109 79
108 80
113 74
118 69
116 71
126 61
121 65
141 47
142 46
144 44
150 39
160 32
166 28
187 15
200 8
220 0
194 11
176 21
158 34
209 121
192 137
188 141
173 160
175 157
184 145
193 136
198 130
205 125
216 116
222 112
228 108
230 107
239 102
246 99
247 98
265 91
310 81
384 85
372 83
379 84
407 92
410 93
417 95
419 96
427 100
457 1
482 12
476 9
483 13
507 25
514 30
505 24
501 22
525 37
528 38
531 41
546 52
558 62
559 63
565 68
574 76
612 118
608 113
602 106
663 19
650 5
648 3
667 23
682 40
684 43
689 49
696 58
691 51
791 10
788 7
793 14
814 45
816 48
819 54
820 55
822 60
826 66
829 72
841 94
910 2
918 17
937 53
931 42
924 27
938 56
942 64
945 70
948 78
939 59
952 88
974 148
979 165
981 172
982 174
992 214
994 226
997 240
995 232
1000 263
898 288
902 326
903 365
794 293
797 325
798 351
799 360
899 440
893 478
889 498
886 512
880 535
962 622
959 630
957 635
958 634
971 598
970 600
973 589
977 577
985 549
983 555
980 566
991 522
990 528
989 529
987 539
998 482
999 476
846 632
849 624
852 618
864 586
869 572
872 562
867 578
779 510
780 505
783 494
789 467
795 430
796 422
692 413
694 385
695 378
570 483
572 477
575 469
576 464
577 461
579 453
581 445
580 451
591 344
590 339
589 328
680 254
673 234
670 223
660 200
659 197
666 213
668 219
678 250
679 252
688 290
693 324
786 251
784 241
781 231
775 212
773 204
770 196
844 101
854 122
856 127
857 132
859 135
862 142
865 152
866 155
860 138
875 182
881 201
885 218
891 245
892 248
757 162
756 159
750 147
749 143
741 128
731 110
735 117
717 87
703 67
711 77
634 151
639 158
651 181
652 183
654 186
643 166
640 161
620 129
622 131
543 199
548 208
550 210
553 216
554 217
556 220
566 243
564 238
567 244
568 246
583 295
584 297
586 309
587 311
473 282
469 272
461 258
454 247
447 239
446 237
442 233
509 156
515 163
522 170
520 168
524 173
538 192
539 193
519 167
498 146
502 150
506 153
490 139
492 140
450 111
439 105
436 104
455 114
456 115
386 190
380 188
371 184
348 179
337 267
334 266
330 265
328 264
306 262
287 269
278 277
277 278
262 299
269 307
266 314
248 292
250 294
245 333
244 334
249 331
253 329
263 319
264 318
281 302
272 300
270 296
279 301
286 304
288 305
289 306
298 315
299 316
305 330
307 346
304 361
303 364
302 366
300 372
297 376
295 380
294 381
359 448
366 438
381 410
383 407
374 426
367 437
369 435
358 450
354 455
351 458
350 459
345 465
341 468
339 470
338 471
333 475
329 479
326 480
321 485
318 486
317 487
315 488
314 489
311 491
296 499
291 501
274 508
206 519
257 513
169 415
161 412
145 405
143 404
159 411
165 414
172 416
183 418
191 420
207 421
233 419
243 417
268 406
275 401
276 400
292 384
293 383
237 336
224 337
202 332
186 323
179 317
174 312
157 286
156 283
154 279
153 276
151 268
149 256
148 236
236 275
241 285
238 280
235 274
232 253
234 242
252 209
242 221
255 206
254 207
258 203
259 202
284 187
290 185
308 180
340 178
432 222
438 228
435 225
424 215
420 211
394 194
349 273
362 284
365 287
368 291
373 298
377 303
382 313
385 321
388 389
387 392
391 354
481 424
486 402
488 390
489 356
487 335
585 427
588 409
686 454
681 473
676 492
674 497
758 570
766 550
769 542
771 536
778 514
768 544
767 547
764 557
762 560
748 594
746 599
744 603
742 606
740 610
734 623
733 625
728 633
803 711
790 732
787 735
785 739
782 743
763 769
761 771
772 757
774 755
807 704
808 703
809 701
813 695
818 686
830 664
828 668
832 661
833 658
834 657
838 648
835 654
840 645
842 640
847 629
955 642
950 655
949 656
947 660
930 698
920 717
922 714
915 726
912 733
913 731
909 737
908 740
907 741
905 744
904 747
996 795
986 813
984 817
976 830
969 839
968 841
967 842
966 845
965 846
961 853
963 849
879 786
882 782
887 775
894 763
901 751
900 754
896 760
888 773
878 787
876 790
863 809
946 874
956 859
954 862
953 864
941 879
936 887
935 888
934 890
932 891
929 895
926 899
928 898
993 983
988 990
917 911
919 909
911 919
895 937
884 949
897 935
890 943
877 957
874 960
883 950
873 962
871 963
868 966
858 977
870 964
855 980
848 987
839 996
836 998
759 927
743 941
723 959
715 965
708 970
704 973
702 975
701 976
685 988
677 993
672 997
669 999
675 994
724 958
726 956
727 955
730 953
732 951
737 947
745 939
752 934
777 910
827 856
843 836
837 843
825 857
821 863
815 870
812 873
817 867
810 875
806 880
805 881
792 894
705 834
657 877
656 878
645 886
665 871
683 854
706 833
712 827
714 825
720 819
736 801
738 798
739 797
751 783
755 778
760 772
753 781
747 788
671 716
661 728
646 745
644 746
641 750
638 753
627 764
630 762
614 776
613 777
617 774
610 780
605 784
595 792
582 803
529 712
513 725
508 729
422 662
477 619
479 617
470 626
467 628
459 636
440 650
437 652
415 666
411 669
408 671
406 672
404 673
395 678
375 688
363 693
361 694
344 700
332 705
324 707
316 709
313 710
301 713
280 718
376 799
356 806
353 807
336 812
320 815
256 826
168 723
134 719
114 715
10 793
31 800
45 805
42 804
37 802
62 810
67 811
86 816
122 822
127 823
115 821
6 902
8 903
21 907
41 912
44 913
64 918
84 922
110 926
147 931
170 932
204 933
261 930
271 929
182 828
203 829
283 928
312 923
331 920
347 916
392 904
401 901
405 900
416 896
425 892
433 889
444 885
445 884
449 883
464 876
471 872
500 974
491 978
484 981
478 984
472 986
466 989
434 1000
512 969
527 961
545 952
563 942
571 938
592 924
597 921
604 917
606 915
607 914
619 906
631 897
636 893
555 824
560 820
562 818
544 831
537 835
530 840
523 844
518 847
510 852
504 855
499 858
496 860
485 866
493 861
511 851
516 848
426 779
412 785
389 794
398 791
403 789
443 770
448 767
451 766
453 765
460 761
463 759
468 756
475 752
480 749
497 736
495 738
536 706
534 708
541 702
552 691
557 687
561 683
569 675
573 670
578 665
593 647
594 646
596 643
598 641
600 639
662 727
687 697
690 692
697 682
699 680
698 681
719 649
722 644
718 651
716 653
713 659
710 663
707 667
700 677
725 638
729 631
658 541
664 526
655 546
653 552
649 561
642 574
637 583
647 564
635 585
633 590
632 591
625 602
624 604
623 605
621 609
616 616
609 627
601 637
503 593
517 576
521 571
526 565
532 556
533 554
535 551
540 543
542 540
547 532
551 525
474 446
549 527
465 466
462 472
458 481
452 490
441 506
430 520
429 521
428 523
421 531
418 534
414 537
413 538
402 548
390 559
378 567
370 573
360 579
357 581
355 582
352 584
346 587
335 592
327 596
325 597
285 611
282 612
267 720
260 721
251 722
231 724
195 621
181 620
139 615
135 614
130 613
55 699
48 696
34 690
32 689
0 674
2 676
9 679
20 684
22 685
111 608
89 601
76 595
59 588
43 580
35 575
25 569
23 568
15 563
7 558
1 553
99 493
102 495
119 502
120 503
124 504
131 507
136 509
146 511
162 515
167 516
177 518
171 517
104 496
82 484
49 460
46 457
39 452
36 449
30 442
29 441
27 439
17 428
13 423
93 362
94 363
97 367
98 368
105 375
107 377
117 386
129 395
132 397
133 398
128 394
125 393
123 391
90 359
88 355
85 352
83 349
71 327
68 322
63 310
56 289
52 270
51 261
53 198
57 177
58 176
60 169
65 154
66 149
77 126
3 50
12 36
14 33
16 31
18 29
24 20
26 18
28 16
38 4
