# distance=15427
0 2
66 93
65 94
63 97
59 105
54 114
53 116
52 119
48 126
47 128
45 132
42 138
36 152
124 210
130 198
129 200
162 135
168 125
179 108
181 106
173 118
169 123
163 133
156 145
154 149
149 157
143 170
133 190
135 185
119 223
118 227
115 235
111 246
104 271
100 284
97 298
96 301
88 353
84 415
86 367
2 247
6 232
7 229
9 224
23 183
30 164
31 163
33 158
34 156
71 83
85 60
102 36
107 29
108 27
109 25
112 22
113 21
186 98
193 89
196 84
209 68
211 65
224 50
229 44
232 41
235 38
239 33
240 32
244 28
246 26
254 18
258 14
259 13
270 3
269 4
338 82
332 87
291 131
284 141
283 142
279 147
297 124
304 117
343 78
349 72
365 59
367 58
372 53
378 49
380 47
390 40
415 24
437 12
451 5
459 1
462 0
474 110
472 111
470 112
541 191
546 188
551 186
566 180
567 179
574 177
598 169
638 161
667 159
586 66
689 55
701 56
715 57
749 61
780 67
790 70
812 76
821 79
839 86
917 6
918 7
920 8
923 9
925 10
927 11
934 15
936 16
961 30
967 34
976 39
980 42
994 51
982 43
969 35
963 31
948 23
942 19
855 92
852 91
862 95
870 99
871 100
873 101
876 102
885 107
889 109
896 113
901 115
909 120
910 121
931 134
937 139
944 144
947 146
957 153
958 155
978 171
981 174
995 187
989 182
916 255
924 263
939 279
962 307
984 341
987 346
990 351
999 368
983 339
977 330
959 304
950 291
946 287
912 251
892 234
904 244
884 228
872 220
866 216
853 208
844 202
842 201
835 197
826 193
831 196
805 184
766 278
761 276
764 277
775 282
777 283
787 288
803 297
828 314
836 321
840 325
847 331
848 332
849 333
857 342
859 344
880 370
886 378
890 385
898 399
903 408
902 407
864 349
863 348
856 340
845 329
841 326
813 303
807 300
703 362
694 361
725 369
717 366
736 374
738 375
748 381
752 383
765 393
759 389
753 384
762 391
767 395
771 398
770 397
773 400
776 403
774 401
793 422
785 412
778 404
794 423
796 425
797 427
800 431
802 434
801 433
804 437
817 463
930 489
914 432
905 413
908 417
921 452
932 503
935 553
933 582
929 608
928 616
911 670
907 680
897 701
894 708
895 706
891 712
888 718
881 728
875 738
954 806
956 804
964 791
966 788
972 779
975 774
988 750
991 745
993 740
926 623
922 637
827 599
829 590
832 565
728 501
731 508
734 525
735 551
732 568
730 577
727 587
651 526
649 511
645 500
644 499
688 451
686 450
676 446
650 443
672 445
679 447
695 456
697 457
698 458
700 459
708 467
702 461
719 481
726 494
722 487
712 472
819 468
825 484
830 507
833 559
721 600
720 603
714 613
718 606
716 610
710 621
705 627
704 628
682 652
681 653
684 650
754 723
755 721
760 716
763 713
769 707
786 686
789 682
792 678
799 666
809 648
811 643
823 614
824 609
822 617
820 620
869 746
865 752
861 758
858 762
850 771
851 769
837 785
818 803
816 805
806 814
795 823
779 835
783 831
846 915
747 854
751 852
745 856
854 908
877 890
879 888
887 881
893 876
900 869
906 863
913 855
941 824
953 808
945 818
940 825
938 827
919 849
998 918
996 919
992 923
986 930
985 931
979 937
971 945
970 946
968 948
965 950
960 955
951 964
943 970
915 993
810 938
815 935
814 936
740 858
739 859
707 874
696 878
685 882
683 883
677 885
664 889
750 969
756 966
772 959
808 939
788 951
781 954
768 961
706 985
690 990
687 991
653 999
581 904
597 903
622 899
628 898
636 790
670 778
671 777
673 776
691 768
711 756
713 755
723 748
737 737
693 766
616 690
601 694
588 697
631 684
656 671
665 665
668 663
674 658
678 656
561 700
525 699
520 698
505 696
502 695
476 794
487 796
532 802
585 800
571 801
501 799
494 798
491 797
478 795
469 793
465 792
446 786
436 783
433 782
490 692
471 687
461 683
467 685
449 677
443 674
440 673
444 675
375 754
383 759
387 761
404 770
411 773
329 847
327 846
306 833
281 816
280 815
275 812
273 810
274 811
248 789
234 775
223 765
219 760
216 757
202 741
203 742
207 747
195 733
192 729
177 709
172 702
165 691
166 693
164 689
153 672
151 669
138 645
134 636
123 611
120 604
116 592
110 575
106 563
98 535
95 522
5 589
15 619
16 624
19 630
22 638
24 644
25 646
28 654
55 711
43 688
38 676
29 657
57 714
67 731
58 715
64 726
68 734
69 735
70 736
78 749
81 753
87 763
90 767
94 772
103 784
101 781
127 813
121 807
35 867
50 884
27 857
17 844
18 845
11 836
1 822
13 838
14 839
46 880
60 896
74 910
75 912
77 913
3 988
4 989
8 992
10 995
12 997
105 941
91 927
89 926
79 916
72 909
61 897
132 820
141 829
152 842
159 848
139 828
148 837
161 850
185 872
183 871
180 868
194 879
208 891
220 900
222 902
230 907
245 917
210 893
131 963
125 958
114 949
122 956
136 967
137 968
142 972
145 975
147 976
150 978
158 984
171 994
174 996
178 998
249 920
255 924
256 925
261 928
272 934
263 929
282 940
286 942
288 943
289 944
314 957
321 960
333 965
347 971
353 973
355 974
361 977
369 979
371 980
377 982
382 983
527 905
553 906
483 901
450 895
448 894
438 892
419 886
392 877
388 875
381 873
374 870
362 864
363 865
357 862
356 861
354 860
339 853
337 851
370 751
359 744
351 739
342 732
334 725
336 727
330 722
331 724
326 720
325 719
323 717
316 710
308 703
309 704
287 681
285 679
276 668
266 655
271 661
257 642
260 647
252 634
250 631
247 626
236 607
311 524
315 534
310 521
301 493
300 488
396 444
395 439
394 426
397 377
398 372
402 354
409 334
408 336
412 327
413 323
416 317
420 308
452 260
453 259
458 254
456 256
460 252
475 237
482 230
534 320
535 319
539 315
542 312
543 311
549 306
550 305
562 296
564 294
578 286
580 285
568 292
519 338
516 343
513 347
511 350
509 355
508 357
504 364
399 465
400 469
401 471
492 414
493 436
495 448
496 454
499 462
506 476
507 477
528 502
530 504
531 505
545 513
552 515
479 580
477 579
473 576
466 571
468 573
464 570
463 569
457 564
454 562
441 548
442 549
439 545
435 540
434 539
432 537
431 536
426 528
427 529
428 530
423 523
421 519
414 506
410 497
407 491
405 485
319 542
318 541
320 546
322 550
328 561
345 588
350 595
358 605
366 615
368 618
373 622
379 629
384 633
386 635
391 639
393 641
403 649
417 659
418 660
429 667
424 664
422 662
484 583
485 584
488 585
489 586
517 597
523 598
536 601
544 602
591 596
599 593
596 594
603 591
619 581
624 578
629 574
630 572
635 567
640 560
641 557
642 556
643 554
646 547
647 544
648 543
610 495
611 492
590 514
579 517
577 518
557 516
540 510
537 509
522 498
521 496
576 442
592 473
593 474
600 478
612 490
613 483
609 480
614 475
623 482
632 486
615 470
617 466
620 460
625 455
627 453
633 449
582 411
583 409
584 406
594 392
605 382
608 379
621 371
637 365
660 360
666 359
589 280
587 281
512 207
510 209
518 203
526 199
533 195
618 269
604 274
606 273
634 265
639 264
654 262
669 261
757 275
743 270
733 268
729 267
724 266
798 181
791 178
784 176
782 175
758 168
746 166
744 165
607 62
602 63
595 64
573 69
565 71
558 73
555 74
554 75
547 77
538 80
524 85
514 90
500 96
486 103
455 122
447 127
445 129
430 140
503 214
497 218
498 217
425 143
406 160
376 192
364 206
360 212
352 222
346 231
341 240
340 242
317 289
312 302
307 316
305 322
303 328
302 335
299 345
298 352
296 363
294 373
292 421
293 441
295 464
214 558
213 555
200 512
189 429
188 418
190 380
198 324
199 318
201 309
204 299
205 295
206 290
212 272
217 258
218 257
221 250
225 239
226 238
227 236
228 233
231 226
237 215
238 213
242 204
251 189
262 172
265 167
268 162
277 150
278 148
