# distance=3811
118 29
120 32
141 26
164 27
182 38
177 36
191 51
154 92
158 94
154 95
165 83
177 93
180 87
181 91
187 100
182 111
178 104
165 107
158 120
146 95
138 73
140 68
139 65
132 55
136 55
124 48
148 75
148 79
160 73
178 54
204 85
213 106
207 104
201 126
189 128
182 127
168 137
181 145
180 162
189 167
194 164
186 186
186 186
204 208
217 197
221 194
216 185
224 180
245 180
235 173
225 175
213 167
233 149
234 140
229 143
211 141
208 142
202 137
190 135
204 155
226 159
235 163
251 181
257 192
249 208
267 211
261 229
253 238
234 218
234 210
224 205
217 208
222 215
205 213
215 247
213 225
239 244
237 253
243 261
265 243
267 242
264 245
266 250
279 256
268 271
277 274
269 279
274 282
272 294
270 294
249 315
253 300
251 327
255 332
272 317
277 316
276 304
293 309
294 330
308 349
306 351
283 342
291 359
285 362
271 368
272 378
294 374
300 377
329 405
324 408
306 418
296 422
293 432
303 445
283 432
283 436
284 436
277 454
191 534
180 534
181 550
185 575
187 575
186 583
201 569
190 545
205 531
232 555
233 568
225 580
225 582
243 579
248 573
256 571
260 564
257 563
247 559
236 544
236 538
249 531
254 528
256 527
260 529
265 541
268 545
256 546
262 555
279 564
290 557
275 548
274 540
263 523
257 513
256 503
282 529
287 538
296 538
301 532
302 525
301 524
300 524
315 506
321 498
300 490
304 496
311 491
317 485
333 461
325 462
320 453
303 466
273 498
293 486
296 477
296 468
291 467
303 456
317 431
313 428
319 421
329 425
340 438
344 436
343 411
351 408
353 394
363 385
362 382
361 365
361 368
370 371
366 366
373 358
359 352
344 363
324 384
311 386
301 374
326 351
320 352
329 335
347 327
342 334
341 346
339 354
346 357
359 341
368 339
383 327
361 330
357 319
371 310
348 294
349 289
346 288
342 293
313 312
299 303
348 252
353 243
352 254
357 264
357 266
355 275
370 290
371 294
370 297
395 301
400 290
389 281
383 277
370 272
366 274
375 261
377 254
388 258
398 256
399 261
416 255
414 248
409 245
401 244
431 215
421 219
417 221
401 236
391 244
381 239
387 224
382 226
375 217
375 198
400 187
408 193
417 191
413 186
415 181
431 163
450 164
455 141
466 120
466 118
462 107
478 85
467 79
463 78
461 60
462 61
468 59
477 64
479 60
473 52
483 37
480 38
471 40
462 43
454 51
437 45
438 64
437 73
457 95
440 107
433 102
414 100
431 119
423 119
420 119
408 120
408 124
413 132
424 140
416 140
406 132
396 131
402 141
399 144
390 148
395 160
392 159
378 172
