# distance=489772142
-63066 -87886
-40534 17663
-140001 156639
-167233 282050
-142603 296615
-235597 465654
-377985 265474
-166750 444502
-200172 487011
-108421 429502
20116 366480
158343 410004
63382 264632
-70032 321897
-66831 190274
-177126 265099
-177928 283899
-426542 111570
-231917 237027
-420242 268656
-334631 184054
-366198 197831
-478041 343243
-444254 331181
-490918 80873
-461271 30739
-435888 111915
-414680 250416
-467665 256224
-395701 246264
-403741 269552
-294095 120086
-183626 -22065
-25886 -125388
-30078 -198494
-354780 84473
-388985 149481
-382576 158150
-346108 181049
-279656 343886
-411758 417100
-324621 491297
-71001 305375
1084 141429
-173799 234884
-312127 -4286
-383464 -96413
-280567 -202495
-299189 -258646
-250637 -186329
-271509 -356375
-386066 -207808
-264382 126115
-241222 156536
-427080 157516
-377016 79644
12707 323279
-11877 251352
-66370 257224
-334279 495526
-242406 368186
-191195 308868
-188194 364366
-158223 422235
-170857 317359
-151095 171660
-100178 86246
25745 -35322
35976 -104597
69627 -194845
51860 -127046
-45049 -40068
-153251 37705
-150281 -7649
165405 -216315
37827 -329477
228918 -371226
122584 -423282
33944 -348380
174137 -202567
-120799 -469106
-94328 -462059
-142125 -486075
-377206 -428989
-330691 -354219
-205937 -193377
-204511 -295439
-326569 -318518
-297725 -423706
-299655 -349806
-322538 -71669
-300248 69890
-396523 -72264
-158427 -237305
-389152 -438744
-356245 -459586
-292303 -401859
-250609 -464630
-468246 -412441
-450422 -258564
-472493 -308088
-483809 -242342
-459576 -366928
-479239 -444552
-382869 -402131
-388124 -379920
-339554 -382223
-274383 -362168
-299023 -320130
-417366 -414456
-453204 -245599
-495345 -240838
-347681 17011
-420397 -17037
-249639 104648
-69303 -202449
-378395 -211093
-292732 -146640
-343217 -154563
-376617 -251537
-391666 -225917
-468911 -246055
-150121 -45904
-416935 315674
-456630 471667
-448732 412306
-495104 414233
-387944 395047
-357671 274725
-119005 111276
96353 -138273
157024 -96822
190881 -123026
231211 -171646
228496 -231722
117760 -406317
75755 -496483
13696 -484137
74429 -446048
104834 -389417
45938 -324712
8090 -221754
41443 -73706
175358 -107702
89451 -101267
148409 71446
384439 50055
333329 92069
418298 168209
232292 191506
255693 202628
171001 176974
231595 238544
289897 214903
480339 416573
270447 400498
121660 308461
471483 398764
487751 265690
440408 162488
354437 129880
325665 94376
387518 104133
353920 260170
344662 238258
378650 394902
442658 481913
433161 271285
427415 228663
321264 132141
154711 296190
170991 199045
330928 408856
341160 201262
298743 21509
257754 114484
180010 48708
249340 175585
74167 270890
83809 234718
-134916 295353
-107945 177081
-31621 95471
-43592 43929
-83972 14855
-168926 -27755
-188959 5269
-124610 -34162
-214834 31088
-5181 -236213
110041 -109594
366188 -371693
426518 -485672
241642 -328975
296087 -280303
189216 -205187
332617 -53140
241722 -111475
186281 -114095
4893 78887
223255 214225
194393 177952
233609 171468
8814 155576
-156517 -25844
-390852 177185
-377110 201557
-363399 195088
-481127 205972
-428470 -20156
-348378 -118839
-320307 -64229
-479661 4763
-258859 -58992
-69692 -22232
-223835 1368
-320444 -29657
-105169 154785
-186297 64750
-42515 138145
100788 334658
179402 474811
122621 465936
185337 390364
364733 375845
274309 369357
224209 195616
321870 105183
314873 48902
478831 196623
499838 187811
441348 192144
495788 245165
426303 436966
170130 291172
368381 163803
363713 301892
335770 321043
471164 486095
417748 431432
230457 373677
233203 360193
297969 393827
188282 443417
43895 453629
-103657 475922
-134672 464150
-61229 477384
-10793 404077
-43773 387335
-22671 399691
-164314 488830
-187902 497460
-401356 467281
-485736 442378
-472078 487352
-407275 474020
-411114 493154
-444273 403610
-428667 369335
-224505 205678
-207052 135267
-282196 126426
-299053 463795
-145631 473878
-279651 442726
39175 443716
42751 457571
-64397 420482
-239061 421731
-150223 344053
-106229 246635
26103 117759
20295 260987
-107888 398760
-34357 434847
14977 411751
-27368 452944
-76183 474934
-136202 461312
31387 460512
29084 308368
6557 403309
-3195 427371
-162471 406471
-322399 203475
-306028 79949
-263142 108386
-29245 -69551
-252030 -56659
-167759 -49999
-354028 68786
-434989 -9498
-498598 119423
-168899 63172
-23940 -639
-178488 255028
-348998 483534
-374043 478531
-177932 495167
39785 242550
75547 333957
67326 295187
-39842 231113
-46929 172760
210376 -86180
380798 114371
355902 -75941
484399 -1628
396192 -44386
346589 -20424
173948 -199727
217324 -134957
214293 -157252
259351 -196722
347192 -177035
362056 -198299
116705 -337876
111072 -288227
-14579 -223081
-132392 -202745
-458079 173028
-221904 416617
-442945 459202
-314457 365974
-236878 401665
-273072 425891
-194498 386736
-257505 349282
-350328 419580
-331291 406852
-211052 485942
-252478 387864
-350091 295157
-404505 368721
-344461 430528
-482390 346761
-363186 372258
-392234 357066
-398671 281706
-393854 169999
-330605 254406
-260414 320298
-151684 262671
-55808 174092
52106 52649
-141566 133799
-150908 132736
-77250 -13141
-68220 931
-13036 -22299
-259470 -239915
-265718 -230131
-416919 -64856
-485532 -142286
-476605 -158140
-428579 -323346
-467995 -343465
-357041 -377723
-276397 -397925
92580 -472751
49399 -497493
128579 -405571
312958 -361742
249448 -461048
41031 -393741
-57268 -303059
-2035 -421682
-11751 -425303
-94409 -425513
138613 -186701
381967 -203075
454276 -271212
399781 -357796
483885 -25736
255432 -27466
306949 -46665
219803 -184521
258988 -185837
117668 -256949
119574 -304943
31092 -401706
192047 -491649
160380 -470140
-73228 -174415
-91108 -65583
-103744 -377478
-199796 -380529
-182826 -223135
-32633 -359759
39794 -220635
-209704 -205899
-107639 -199129
-35283 -332807
-43527 -470780
-123177 -392720
79585 -343560
267033 -97208
196029 29669
115763 -128612
9697 -42106
-48551 80155
42901 124711
-159794 16549
-201948 24520
-176398 85340
-133086 90567
-193758 -6540
-203770 28201
-198450 -46342
-303298 -113786
-412237 -170280
-458239 -299625
-357688 -447493
-483875 -493867
-429454 -469248
-442232 -370684
-380141 -192196
-337513 -232425
-303022 -275578
-355191 -236983
-236235 -383711
-465391 -155270
-362675 -132960
-248336 52745
-340894 28036
-287018 12743
-310397 62331
-256912 231966
-299161 143814
-258463 82457
-193127 80124
32875 -390434
-58666 -470474
32845 -436333
66955 -250042
-161161 -414950
-127275 -416202
-142172 -415186
-57212 -385497
-46404 -332078
120685 -235900
109977 -439289
130462 -337224
-46534 -159488
17997 -78600
239225 -133842
283039 -193961
-23615 163965
-140593 407854
-159587 347537
-40221 290520
-76917 311468
-199179 456453
-192802 494946
-489979 480826
-433692 345567
-412806 429158
-404248 472389
-380642 461547
-272802 328754
-195178 282128
-230674 220187
-199829 267453
-70057 219051
-283316 321305
5348 196484
283281 28569
134400 -55475
49562 -115341
99012 -200440
35425 -164120
-25115 -47277
59412 -2152
-42004 -114445
-33537 -222255
40835 -209357
96648 -37803
216472 75790
178643 104500
241108 38661
203570 68010
449044 -106851
475700 -221307
325605 -172413
373118 -255795
479609 -138097
440968 -156729
365913 -44313
479300 -194203
475198 -448272
472223 -406305
466017 -343571
404749 -451433
366684 -490478
295263 -484702
334003 -494967
304479 -367153
295045 -441870
272976 -397677
-55566 -398499
-6140 -339169
780 -314028
17011 -191199
244346 -20523
415860 133769
352761 74626
305282 165542
405073 88425
339990 -11125
223475 60727
271014 -19893
171872 24479
491702 392206
389645 466063
381457 455963
283891 439849
146552 305074
149440 246516
236954 165780
165763 117575
159070 116380
77388 -28517
33746 29272
-28800 3081
267935 -242821
408504 -272070
441235 -307941
435904 -155028
392293 -295835
304678 -123836
175219 -57699
133346 -34686
266886 60754
170917 -5356
145107 29992
110749 50444
146747 -31456
-15572 78302
-98922 62208
-162014 93939
-70436 21884
190431 277135
202293 357201
275054 386272
349905 458767
407057 343781
466040 375317
309360 401551
271508 422121
187261 373554
145643 415545
259640 466975
83781 425186
178872 429813
98994 447748
480965 196320
473146 246825
479276 191162
307775 471593
293863 269126
491672 41306
426684 61017
142335 -181757
157846 -128724
-49364 -341997
-43616 -257407
-67493 -351075
-213258 -310048
-94496 -411888
-62400 -353518
111602 -304687
50640 -485777
141133 -487990
336062 -453317
371842 -479098
499325 -410747
351643 -449055
335233 -432462
292971 -360883
315634 -391937
458567 -322815
481488 -414067
303149 -486671
342991 -418926
420372 -383030
407170 -404489
373169 -337889
385364 -299514
346385 -305111
380184 -263945
225310 -324099
166031 -378792
-291784 -310717
-49324 -452007
-50026 -248146
-47934 -367904
-141513 -343285
-168474 -144607
-239516 -168916
-148644 -143578
-91735 -103008
-79213 -12365
-111646 -123650
-59986 -142477
-46963 -147467
-63940 -126098
-82448 -62970
-8662 -149314
100001 37872
57416 -130029
-5859 -124932
-71842 -185659
-257278 -33518
-317854 -4363
-177357 -108053
-142121 -127490
-105031 -172928
90185 -396340
183514 -337375
181980 -382214
90413 -356261
106320 -289025
128333 -304172
296143 -388768
198385 -252979
186998 -457427
261960 -471882
298967 -497148
435803 -491690
292856 -373255
313439 -316950
124085 -321376
-138898 -317301
-270353 -297551
-345102 -373971
-254610 -475629
-156942 -489989
18132 -245800
-478 -211697
287096 -278150
280125 -270762
116622 -462912
259706 -284337
353118 -305258
220531 -395062
421568 -249026
439792 -251024
397200 -327392
393514 -332286
479832 -221322
424901 -125805
413425 -142899
438094 -157347
393567 89875
474711 -144518
447017 -77485
496296 -155957
359237 -270071
336904 -211051
361267 -241025
337886 -339640
151293 -394438
-219848 -66721
-178790 -68714
-143206 -119710
-94209 -71833
-215863 -22677
-213436 68229
-208824 52100
-225551 56403
-71982 115652
-13408 -9163
64994 21464
-31521 -75370
-39003 -72352
125406 -29770
-43348 48894
-157225 99414
-169934 103599
-256602 254322
45083 -18806
-7551 -162328
-28378 -245296
-105374 -403326
-51591 -433067
81753 -425383
-120278 -433081
53129 -334364
-153935 -337805
-219496 -335593
-318794 -270622
-356740 -226365
-496903 -83638
-344084 -233228
-463578 -425122
-284152 -480524
-154990 -470799
-191408 -437057
-249404 -411263
-323731 -398497
-368036 -188727
-294301 -179809
-231566 -203637
-204355 -56132
-264783 -2328
-218779 -44695
-402407 -305170
-475824 -486256
-410774 -322850
-414184 -265742
-15963 -434143
108356 -453659
207396 -356264
265103 -242646
258404 -293568
194934 -245075
143020 -274117
148113 -274778
90601 -303468
9936 -216239
315529 -485035
364381 -316816
364538 -292669
435269 -354122
453909 -128650
321573 -183086
478801 -3922
469019 13350
425585 157432
356099 231149
373521 283371
498607 426938
344257 398805
468164 357768
479353 357774
483126 372241
497619 409307
410709 464911
483499 308345
344608 166369
202161 208676
206927 273086
32274 311236
-76012 59938
-37182 -9518
240770 97746
466302 -84887
495106 -81713
428500 -276062
393613 -351835
428898 -379805
361694 -339589
392792 -111011
139134 -206149
254671 -1628
296463 54343
217982 129528
403038 456787
341338 417617
476179 498998
378181 495772
23372 415475
208895 390081
209017 476040
189804 481099
235607 434857
379767 419534
399180 352302
492129 292788
341584 301811
138825 458402
456309 374715
491576 312714
483055 467250
480546 453623
421764 343949
375198 347549
327954 417196
277266 384246
321224 346810
253030 285481
117113 419307
324779 465162
302981 494994
189052 378595
110503 408258
19412 306816
174619 454155
138170 465129
-15953 386313
77036 412552
32331 357750
169867 472120
265785 447730
210631 414256
430080 200679
472931 109109
467710 8085
495306 -13523
47060 238293
115170 42495
202018 -17073
184432 -26078
486054 283009
429023 241971
403759 338662
394008 461483
300439 362916
331835 383088
446210 496370
443898 400482
380496 236661
475888 118565
436491 116736
353616 145034
193426 104861
181304 146323
145024 85271
430684 16558
34108 24090
-190581 132744
-286551 208498
-450987 464714
-390822 298397
-395846 328951
-415394 464886
-484174 460677
-486559 496880
-495834 497142
-380634 363573
-497039 381531
-390035 229046
-396808 338742
-378970 400630
-269616 307204
-157298 175270
55276 184690
-109151 249808
-223855 241954
-230759 240106
-421630 410364
-417468 364740
-357668 10669
-355333 112676
-361571 201040
-470148 275153
-416609 143862
-413154 98087
-480408 186972
-475168 386715
-419507 385779
-487615 256716
-446535 118904
-292460 202945
-477573 266545
-345941 129898
-355078 178889
-309623 124684
-387728 163037
-483840 290987
-443963 379054
-284968 246366
-187405 171291
-128947 193426
-138947 163332
172553 -90043
270893 -89991
235832 -50345
397189 104460
339308 477118
180295 288309
278739 334557
247378 239724
34866 287725
-10624 327091
102065 264198
167428 260836
17501 -9943
67020 -68569
381002 -219883
262123 -190738
180512 -89208
63636 72939
181328 154125
308033 128947
101216 63387
42302 33949
-120455 14210
-93807 51484
-255385 138593
-482228 5394
-415980 -117282
-496868 22979
-337034 129455
-179666 189343
-172232 306249
-200885 345404
-21244 179363
45720 114769
24265 74626
-28622 -29920
-162714 104767
-431798 144809
-391236 226942
-452869 356156
-406775 251517
-157292 228172
-315827 365404
-365543 382995
-356991 350985
-493686 263441
-383376 162562
-312132 299033
-149959 133400
-100954 53536
-117001 122301
-150507 124830
-122495 217478
-10932 331564
-27698 401491
-13803 350821
-75342 283232
213814 -54064
-27699 -129017
-115512 -31986
-83916 117689
-188878 4960
-304028 22027
-347279 -112977
-197498 -128567
-255116 -140547
-213655 -78170
-159991 2846
-181704 -90400
-152361 91417
-239015 361020
-196184 428239
32799 92906
-46885 147248
-458 246755
-146576 61000
-269400 -193365
-199573 -166981
-405147 -215278
-408234 -209090
-390810 -204645
-194823 -397351
-140952 -305799
-106760 -288420
-117789 -275855
194727 -404895
182356 -400327
122801 -365839
297640 -423203
303494 -260493
-44107 -63930
-104170 8844
24497 78017
-1296 -171538
-82711 -284175
-14894 -451232
-199193 -72218
-264417 -159698
-413288 89803
-383004 256733
-141778 59894
37944 62641
-107896 -146454
-88210 -151123
25611 -491381
227772 -497691
49406 -473396
23389 -430396
-52749 -358995
122014 -260404
-62539 -474805
-114596 -395066
-433660 -1661
-459292 142150
-492222 219839
-437425 337282
-346976 482637
-365865 486440
-415251 475087
-382641 376693
-370397 380404
-355096 269803
-215787 331962
-148364 159897
-110402 188515
-213348 152079
-260922 67847
-271375 143269
94207 245019
-75867 373578
-118537 384453
114785 239750
3353 376326
117256 403032
24504 279721
-79613 367077
-149244 406113
-499826 150229
-282337 -149570
-370898 -185485
-178402 -386681
-148844 -442895
-349648 -432852
-309744 -438451
-477919 -379058
-403344 -391830
-293354 -440176
-255470 -483299
53524 -454577
-27229 -324633
-77486 -363557
33722 -340287
237104 -191078
278437 -167676
182312 -323339
248665 -315919
143870 -425423
195136 -443917
187798 -376174
1828 -242028
113014 -145583
128364 -199711
354305 -200205
407505 -64756
416885 32900
298282 -100360
193269 14491
128261 68794
130586 21300
94277 185667
274546 131196
471838 -196187
324790 -95311
194791 76448
324957 240825
275157 237681
206219 305863
133256 280794
259681 142105
277242 52347
409811 -123342
454818 -119349
430302 -205216
414168 -149262
334300 -142981
225792 -256200
163890 -11894
23890 136061
-104746 38022
-99848 111750
-27812 230344
281 277629
42152 316530
-22940 475989
197723 166897
-189122 -20458
-364516 -64551
64035 -312722
172347 -400517
149790 -454231
139350 -421301
69602 -483878
106983 -481267
159775 -469319
-284813 -315344
-323142 -338688
-423300 -436499
-436991 -258015
-479970 -240669
-174938 -328584
-177379 -451959
-155866 -430003
-208651 -358850
-238692 -395349
-308539 -271130
-453389 -321516
-412388 -260154
-317617 -345008
-443583 -497179
-488442 -443680
-448979 -381670
-386254 -329054
-161836 -87441
-241583 -103824
-47052 -118786
-60373 -80338
-67647 -44360
-120353 -71675
-62267 -45058
14248 -1297
49773 50717
70413 174698
48604 135801
31989 111982
244826 135632
166349 24912
-54036 -210619
68704 -295282
-53215 -237813
-193237 -132616
-217807 -184023
-215903 -389474
-385458 -343117
-323461 -251780
-49726 -16600
-349161 102277
-489743 23980
-457915 168204
-439908 97817
-482834 104174
-343144 -86558
-315811 -98661
-341435 -191063
-352893 -176978
-268475 -204596
-332218 -252100
-375748 -265973
-243115 -145756
-255373 -145110
-183251 -94120
-202057 -220647
-47763 -108587
271512 18293
232656 2235
271254 7470
65645 -118312
-38780 -230844
-57728 -201355
-87885 -324105
-498722 -91123
-488507 -211574
-419589 -177753
-413431 -280200
-489279 -145322
-455738 -7131
-484409 21106
-362127 125798
-210308 38949
-462272 -72476
-360459 -174019
-259760 -134746
-339161 -397749
-317367 -456379
-241030 -439745
-323747 -464928
-295755 -406559
-331318 -127568
-488703 -53307
-467994 -54889
-344565 -136032
-350854 -100400
-442514 -121756
-295044 -47181
43497 -414419
247316 -114369
338663 89004
380593 111087
390164 163056
-164715 172016
-301119 268499
-98959 455852
-235171 491397
-250500 493437
-106450 496936
115096 318728
278859 192942
248170 261930
422663 220015
239238 120501
196999 95887
189992 107864
67976 134645
167721 137932
204838 116419
128043 143146
144613 151703
189628 156243
210109 138079
126865 134174
36112 118166
11424 131671
96133 158602
-77304 -20425
-51021 -133397
314483 121572
438244 279103
464347 453442
355127 277559
492659 248764
458524 299809
489472 294317
464241 243807
140105 438787
136493 373570
297658 279157
380594 123866
352186 143658
467058 151956
275195 329574
380883 435921
408207 441254
380178 479955
168301 380008
216824 351243
78660 451423
73623 456468
79856 407472
33557 302167
28936 135212
62373 171930
78187 259227
-122653 365232
-6254 479988
6686 491546
33940 483610
161526 287485
170152 326910
200249 262900
264022 342749
228239 347161
268107 274174
235611 304199
316428 383248
333642 357430
491599 250199
386324 89996
304884 197489
393209 333779
162116 162523
164401 322386
129914 373575
144943 211920
35949 237334
-114113 244510
-170382 258207
-101211 260134
-189165 314528
-224923 469765
-192929 491585
-397866 422111
-337091 375942
-344684 210004
-404860 182951
-452590 277001
-460085 130195
-457222 67808
-339040 94967
-331073 266620
-197557 379318
-300468 314213
-409828 252899
-463613 180203
-473401 255437
-361954 407289
-385038 489181
-470225 476470
-248018 443705
-178982 455254
-17712 257457
-44642 276105
-64444 302656
-44447 292000
-173113 393879
-386681 234075
-397282 224557
-476311 320666
-480830 362539
-440910 406079
-351760 494268
-381741 395101
-430682 369297
-398444 268790
-362634 184434
-186520 177617
-173299 111662
-238900 193438
-346124 343790
-300236 426613
-256029 414264
-404476 418148
-147542 280806
-273479 313113
-139507 100308
-161665 -185432
-157660 -31683
-141094 -41666
-133734 -22079
41235 -240085
70379 -254737
248044 -289169
419839 -329913
405007 -484295
437538 -474945
425705 -277175
432691 -186771
231581 19161
312479 76219
383068 215968
293184 75335
374525 -78734
445771 3827
413339 -27228
458986 -27402
448929 26040
480975 239508
423508 224751
291908 226464
296340 182568
94018 30342
-63065 -222989
-171137 -196733
-235950 -373088
-126287 -409306
-36963 -478429
11507 -496793
-32092 -240698
197383 -172777
267425 -93011
410460 -169244
372170 86841
360903 -8010
409126 61052
413534 -35723
316999 -129501
371412 -151722
162405 -35141
128718 -13902
46076 31964
-61434 78028
21428 34658
-62135 -56262
-80413 -30306
-138829 -319773
-348939 -349524
-493709 -479667
-67382 -375590
39478 -320313
-128078 -221347
135092 -215096
76529 -179926
66353 -234034
-220344 -308519
-125737 -246217
-103453 -276578
-281692 -103046
-444824 78531
-491101 188386
-156343 -102731
-139919 -433664
-176132 -391124
-439535 -126990
-317326 -301606
-374010 -313461
-468907 -447939
-413177 -419031
-449787 -366183
-486345 -237474
-347207 -109956
-387704 -58318
-430956 -101823
-483343 17702
-476863 -73878
-427026 -219591
-279202 -428636
-248274 -421002
-250254 -407983
-425474 -290227
-241571 -149951
-370988 -2639
-236669 105044
-212783 142489
-252878 131321
-129360 122135
-127650 266203
-156070 291437
-119851 372023
-134160 497773
-289518 421255
-149171 424255
-206700 477038
-368846 233565
-436399 245562
-433813 183780
-367767 372363
-458839 262575
-356350 176538
-491240 136731
-437922 159593
-470462 42003
-344811 -156200
-306210 -265642
-417882 -365971
-336123 -271381
-341763 -292803
-273648 -407948
-184499 -311449
-231522 -378742
-311958 -290181
170535 -412791
285868 -465796
195802 -469250
100970 -491921
56321 -411366
37035 -262994
624 -261165
-69373 -315918
92863 -224940
58797 -158437
-63311 -190674
-21516 75066
4673 67852
-82912 117009
-104329 122110
-165181 -28516
-130049 -21472
-97430 -3501
-97102 -60610
-125818 -88839
-140832 52656
-48919 194706
-151098 332318
2561 239402
-89513 463944
123276 267742
66023 344314
88788 369206
164106 377179
179654 439315
62375 491484
139461 488138
274076 310772
189075 236319
261377 297814
190437 212186
414099 84098
284031 52433
376102 88039
386589 81561
486642 -201253
311262 -386494
129585 -358032
142054 -328388
332000 -120753
318959 -213320
225293 -61098
41029 -160601
-17196 -211969
176719 -360916
70776 -445736
116979 -352795
261379 -341120
191735 -183703
302605 -92238
222578 -104259
254776 15262
-72537 306616
-169423 306133
-200720 400722
-206209 337332
-74587 494556
-60745 253674
-15366 199726
-30215 148459
122625 111626
442406 -252
413507 4638
424871 -67997
339986 57970
184058 -161384
98570 -277608
216408 -352904
220258 -280814
120484 -371755
53961 -244842
-891 -236721
-11827 1372
-55260 11831
-163266 -33640
145396 -286898
166603 -208386
15421 -125068
40479 -59227
-62811 -22473
40482 -114549
23548 -46481
173135 -76254
91769 -66215
-78372 -50690
-46928 24690
-39922 -29478
-51663 28892
-77585 32579
-179141 -76865
-184607 -129474
-139327 -226465
-51427 -311616
-363109 -300307
-355023 -350885
-261031 -209015
-387645 -340238
-268499 -256118
-380194 -109289
-462678 -186416
-486787 -254432
-457370 -81988
-435988 -76681
-297627 -163245
-269183 -240494
-243255 -125973
-270490 -117818
-450314 -345368
-449993 -356350
-411302 -356983
-345965 -268699
-192855 -444582
-64679 -339512
-77309 -378035
-196546 -444094
-260210 -370175
-115679 -317530
-154146 -437946
-290560 -495083
-145591 -365043
-179133 -279211
-417553 -186296
-464015 -300443
-411088 -291325
-326997 -266405
-140285 -316715
-76684 -283621
-72085 -213250
-129617 -266637
193799 -481974
230892 -490644
424049 -395715
322792 -338229
149822 -358206
127935 -415284
61152 -346546
-27473 -481479
6669 -435538
207222 -230048
-20839 -95895
39347 -47849
67953 -11406
-125389 353972
71667 304390
-243289 179019
-158691 106134
153884 439367
181296 454876
48631 351025
-72323 329002
62254 270039
387193 14656
386743 -27968
367484 -25239
386555 84725
341228 172327
301212 160983
279519 208599
143164 60958
155494 -17168
59678 34493
53527 54883
126340 14673
56743 126980
-10461 34510
134158 -45050
-140898 -160527
-152530 -122102
-219493 -27439
-131681 491706
-172079 476229
-2768 440984
5842 314822
173452 495301
70079 332802
202131 320778
73274 375608
221912 455310
377287 439723
387333 275098
396299 393544
276397 439502
269921 485235
292559 479101
192151 368316
96053 265259
30301 374108
-234062 478785
-247607 458968
-297665 440400
-359251 189743
-216982 79682
-201147 126136
-275823 246384
-206443 276851
-15008 367973
5230 412167
-294948 266327
-360176 312172
-381464 299553
-332442 330537
-227895 348625
-266169 337341
-479815 17515
-457388 -84864
-437100 -64219
-400426 -7972
-322053 -66019
-291701 -2734
-182295 -109992
-286037 -153409
-57045 -85742
-191437 -36710
-299631 56731
-353377 -55147
-407192 96804
-463538 142285
-349300 -65409
-289006 100143
-177277 5452
-278696 181
-333611 39470
-256370 -87812
-26846 -390888
75552 -397559
94736 -332884
295980 -48018
358211 18162
312948 -49446
221624 -59217
334445 -10941
237229 -117705
352762 76628
174105 178164
277344 102099
279203 102257
242905 57728
68170 -152814
29613 -132561
-72357 -452251
-415853 -312354
-442682 -223575
-409825 -116241
-315531 169019
-161717 69972
-191941 211323
-258434 382684
-18586 197764
-113368 187548
-64601 225365
-2615 171701
-96020 35144
-56719 74920
-43300 101583
34647 158236
47970 20551
106972 58665
133176 165620
185499 151499
219738 136058
308137 105329
317009 28547
435231 27654
467115 -42182
425163 -108602
449067 -110643
466652 -81727
444055 -75968
417361 -32440
396138 -145932
396131 -227907
354236 -205412
367097 -218988
240886 -202864
394917 -79728
366934 -136424
354440 105724
476769 114422
419210 205604
146701 136237
49506 95982
-1086 64463
228002 228447
142200 402075
17353 321252
-71815 204361
-146595 312106
-493256 97767
-452372 -27292
-494853 -135960
-453281 -94321
-423124 -29847
-407643 17848
-471898 4957
-215324 186660
-234408 209121
-443759 136535
-466430 144343
-491864 86833
-423735 28880
-466706 87366
-265619 -129783
-93226 -161951
-318324 -212260
-351451 -100701
-287931 101642
-47390 111660
14659 106419
-49613 159379
-115176 192853
46089 264744
43050 282306
264725 307803
384910 35228
478700 -186471
491250 -327907
497840 -474079
453807 -420625
403690 -492926
393670 -398449
408169 -474434
479870 -475125
449310 -471547
384630 -97494
307255 -196593
234247 -116777
335453 -75586
193412 -148320
-2683 -11355
127409 -13305
-17522 -141934
-44073 -128192
-152438 45280
-342493 120565
-399923 15490
-258410 -89728
-237737 -136326
-41156 -259691
-78358 -448533
33545 -497883
138656 -292048
-282352 -72583
-427009 -174126
-447402 -50689
-451121 -31802
-420235 -61910
-478458 -30326
-405599 -71393
-354568 -170070
-384644 -255226
-268818 -446413
-6210 -331137
-41195 -408723
117654 -243618
198471 -79007
258201 -20759
114633 -160381
94370 -472759
258264 -332822
230582 -323726
384138 -295238
294788 -225839
421358 -107979
433226 -94773
472257 -9294
423929 56694
396079 66017
222679 132440
283500 76382
325067 -69112
193454 -131604
69380 -112122
234171 -323547
283098 -290194
284632 -285109
479696 -89400
431130 -11426
478394 -13350
490805 -94088
403468 -22873
493751 -399618
425656 -333101
386756 -340687
401675 -381368
232990 -239915
292320 -369038
301045 -330541
357430 -265811
410996 -198588
449899 -2302
384212 64442
442136 -24491
403481 -136159
493093 -210459
482455 -333636
375767 -456143
428985 -448344
496812 -431292
486089 -284939
495807 -349607
370001 -373985
336647 -133335
384292 -274675
420538 -248102
444522 -422542
479866 -367733
465858 -338244
451306 -379231
325028 -406668
387603 -395055
460033 -497414
385615 -487993
462674 -499613
480895 -446319
431323 -333640
430052 -290924
423626 -221449
421010 -333983
312102 -305484
376474 -262633
368604 -243780
186147 -242560
105627 -49323
-138795 -212450
44605 -25936
14091 116360
-125522 119610
-208676 206733
-367394 293192
-136323 472213
-203561 485371
-276605 491022
-479067 383925
-439842 261700
-403267 321875
-400564 358683
-412300 401403
-261133 430482
-159089 427470
-142020 416628
-185668 409556
-122203 367603
-70322 314344
12640 495552
7091 459323
-118454 370843
-378441 497946
-417322 442959
-482950 456398
-413103 123164
-213232 -67443
-456311 -116806
-335509 -208407
-202201 -174019
-401642 185706
-477637 11189
-280065 313667
-154431 496540
-233758 384216
-383647 411886
-302315 452973
-280800 417038
-281312 389970
51161 469708
96307 458772
250179 413751
-22725 222649
81639 85851
78747 126344
-1393 114953
302044 426752
96599 254750
-18461 145417
201115 60618
167822 201870
-48978 216716
290744 497372
231803 432773
283651 464954
263513 426747
87743 438829
20748 399761
78405 356310
67466 372355
237803 299090
368525 45181
261458 6483
190007 170561
91783 283647
-70537 391692
-138682 306122
-152716 311161
-90915 323508
-58623 388114
-135364 340110
-84587 378975
-30781 337344
74475 401656
-56889 422981
-239354 353314
-167105 392138
-225455 499465
-212461 335890
-192772 236180
-225161 204152
-172862 238332
-167804 145163
-194290 437835
-178433 467858
-211002 479180
-136330 411506
-12615 491150
-188505 354150
-236235 338974
-373509 417507
-368558 368496
-367309 300262
-348656 256051
-313402 102500
-270083 203431
-73647 392272
-25435 337037
-14944 331358
-94728 315513
-63448 344016
-16903 325689
-88121 356421
33883 309351
199663 273791
485848 361899
476048 370392
455416 319246
315282 484474
309201 477149
368657 495440
439681 423406
370542 420369
91284 459916
245589 398624
209505 387644
-478820 -228280
-458121 -290725
-378853 -332276
-349095 -392541
-339165 -309542
-336321 -397401
-325753 -335539
-355977 -366163
-312785 -315644
-179634 -370229
-207971 -379162
-191885 -347135
-309328 -357388
-435755 -329359
-377424 -188233
40058 -421176
-71743 -376557
-103191 -406198
-202873 -335758
-49048 -411854
12517 -448005
-78776 -397338
111638 -287264
207805 -410042
230378 -410990
295029 -379181
470215 -489504
418392 -391742
486484 -229488
486062 -211875
469547 -275890
455535 -217366
364589 -339492
256369 -491062
497986 -398291
381192 -490543
281022 -396749
187833 -207778
447743 -209287
433421 -231173
240052 -129825
100000 -171950
119763 -130349
346494 33153
440251 24342
483316 46591
492263 139143
423775 351358
351016 284897
411339 421244
331350 386979
489154 220725
486388 193820
339399 198944
430028 84697
465336 73249
361543 287681
193266 440007
75484 316739
126148 337276
254895 426215
343035 242982
351424 383313
408942 436563
430297 428674
356684 423930
453110 411137
377208 474124
337216 426197
86403 240530
278403 307869
284546 147522
173642 154133
-21341 108665
-412072 -211137
-275922 -125404
-253864 -142308
-240887 -195732
-242299 -193182
-331799 -140547
-204087 -133271
-269486 -198290
-188242 -214701
-164351 -113823
-161596 -205203
-253756 -196700
-188352 -307242
-104177 -462511
-2765 -456959
16526 -427221
115870 -499593
13115 -288599
140238 -127933
99343 -141011
238546 -265519
240966 -283782
187285 -392675
-152880 -221575
-244716 -222622
-116480 -153648
-58090 -59353
-62364 -57648
17958 -24974
-57031 -94478
-302538 173779
-263857 112507
-364905 165489
-376384 217029
-334436 382007
-99068 118916
-267132 350097
-458322 76164
-337348 26603
-192215 -7667
6734 87845
95863 47414
-37260 239373
-23285 200160
-71500 158866
-83109 151334
366117 -302066
364996 -262583
391387 -295839
477388 -318088
492783 -292756
446492 -397052
249359 -225442
283254 -67424
254322 -79586
278154 -185246
322835 -257059
303867 -197008
259847 -242548
275092 -212120
378702 -182580
381185 -305325
387114 -412915
249561 -493136
255470 -411166
222061 -402314
147586 -369772
44234 -467995
-235625 -289730
5231 64933
162554 88566
276142 92862
385123 481962
240174 294544
143388 486261
313906 488298
360469 491046
258587 378129
132060 370206
134606 391215
-21178 250159
-109726 120605
-82383 -79710
-159037 65880
121551 29527
176354 -17701
363996 -151168
199370 -159925
204569 -2416
204717 62729
300393 -17175
255121 -32139
440318 -24902
459336 -71685
463745 -59160
88417 -132079
85320 -156363
116762 -100293
142551 -185773
135783 -91532
131633 -52828
163409 -87949
148977 -80054
276315 16831
380112 255202
389080 131869
245336 86200
149314 202056
327949 44170
492570 183818
94670 -193336
177855 -127137
274838 -293332
265465 -346068
317391 -207149
475047 65734
474918 97844
448665 -68695
449080 -194712
347894 -374398
373947 -481830
339280 -440240
322362 -417106
178989 -490506
233442 -393396
130053 -468556
-50345 -234557
-11010 -169942
-82181 -100659
-2865 -25955
-228698 68007
-352895 -23599
-353810 225527
-223917 64095
-359328 -133102
-478224 -286349
-401850 -325360
-487887 -397681
-361241 -389946
-422630 -417944
-305637 -324594
-409169 -221471
-432683 -227795
-325142 -143427
-321113 -199832
-328122 -201365
-231644 -63240
-403100 -340196
-357096 -411388
-470486 -481009
-421564 -453789
-406011 -460706
-234629 -498299
92197 -142125
-53935 -172449
-166541 -130429
-79346 -218654
-163448 -206065
-201127 -405972
-70101 -494265
-165794 -422341
35539 -419182
4841 -263310
82690 -328296
-76734 -451052
-83968 -399926
-123632 -402682
-302785 -440346
-444359 -400317
-339187 -350490
-446171 -410409
-323290 -287958
-196141 -263196
-261201 -293693
-324754 -220920
-103153 -69300
-165523 102486
-227889 25292
-69504 -100997
281513 -189884
300636 -198550
117911 40230
213335 196108
13310 290218
-159010 186185
-34474 416673
73828 469299
72439 437873
87355 470087
152052 284718
157105 289953
47669 61177
-16123 86385
-15904 111241
-255993 93724
-128994 105456
-133253 55949
-380465 176634
-377136 146169
-298538 445197
-417833 483270
-498386 414092
-469741 283648
-366517 273278
-329083 381280
-307880 451364
-450758 482080
-433785 421525
-452572 461683
-170011 298432
58252 461604
-409613 98512
-403941 122579
-424233 201622
-459005 192609
-367561 282094
-264512 234840
-297088 228545
-79894 -87387
19363 -123144
151691 -188951
196223 -237578
296621 -460726
362395 -467402
495335 -432204
362793 -472813
302127 -417472
359505 -322801
374004 -376571
435230 -455745
382322 -327669
391937 -314272
364508 -413904
437102 -465126
448436 -496653
487055 -366636
469025 -451366
459945 -480076
402450 -403640
199087 -336315
262670 -278666
218460 -339656
263226 -226110
412526 -177316
442341 11537
378272 60866
345307 27911
359280 37541
300759 49434
320211 33527
249266 -59878
205001 -107474
219307 -249928
366349 -129027
377237 -213815
236352 -227118
26399 -139170
87070 -231597
344110 -368295
338205 -494751
468165 -482263
354818 -450158
265324 -392299
278079 -384857
379189 -409607
305906 -403415
236640 -446436
235992 -371911
282453 -341195
407266 -235670
418146 -407053
451258 -433554
441857 -485233
377527 -334808
453690 -400435
308459 -312988
339370 -320222
417810 -187015
360434 -76706
395771 -58417
451034 -100460
421565 -84781
429991 -85848
262366 -150126
235202 -419452
483546 -59314
434361 -118220
285806 -343958
303841 -416590
170221 -422604
304693 -76939
177261 10960
239737 -19728
309628 -1506
350467 -80409
195293 -100284
304087 -238553
302114 -296218
423600 -328983
429004 -194976
424649 -383911
266287 -312028
391034 -379063
417350 -438964
394559 -368166
468466 -235840
487664 -353216
464092 -216393
493436 -404626
468883 -316636
351871 -481815
271141 -475777
108811 -394591
225501 -487738
389248 -418800
323021 -455148
323671 -449573
449427 -313508
468800 -192371
376644 -327801
336106 -226750
-50079 -297275
-7865 -223223
14519 -300033
24720 -366537
82239 -263051
175535 -369260
129354 -472506
-102825 -151096
105270 -34488
303612 9701
387101 163266
377979 214221
320268 114527
388309 112310
444302 98348
470445 406577
477754 371914
468211 387829
387899 456815
331480 410841
412855 390695
381005 471799
232297 437008
29604 142817
92566 -58896
48646 9649
19364 -69115
56215 -91536
30532 -176804
41951 -234946
189035 -100901
176235 79259
146150 161462
101522 177319
125642 96452
148556 41440
122729 24003
211592 125947
305164 234929
489336 498577
173777 470980
264576 408095
156722 450644
412794 213826
442990 117915
329493 96653
389141 155925
339028 134418
82461 298764
-15816 308556
-7864 401994
85114 437053
85609 439785
63002 470283
87859 477557
311744 191466
384301 207319
344558 472644
467958 373172
492426 305917
423118 242293
319278 83976
312361 68770
283039 39273
441624 -51825
317172 187780
280433 236856
102448 353409
288767 439923
354343 361416
176061 429514
27002 372001
-59298 381779
-292093 450377
-294616 454703
-322338 488399
-475012 397700
-414860 345155
-235199 486368
-117555 347534
-160682 258027
-71192 104887
-25921 169836
91204 345080
190562 114451
73684 106653
150450 232444
343702 236999
304346 286677
208739 90437
233736 221520
133682 321533
-18505 221446
29229 291608
9866 319753
122864 52720
121050 97024
42812 80508
13233 82344
116544 68592
165565 85197
10685 258097
131010 305598
124622 287298
240961 346999
290162 175637
316536 -630
-12495 -152499
65960 -83726
98950 -70372
104368 18444
54389 -14161
372877 123522
351549 157916
365781 175408
441270 80735
334962 208969
417411 237807
324454 212411
393194 125368
462208 191615
466549 197856
362797 292278
413645 220091
333830 46771
321152 133718
381962 194690
345358 300937
324994 98877
457809 213576
452574 244618
460965 296592
290950 497891
338318 447634
48905 498707
101592 369514
215667 382712
96033 470246
17817 225880
153246 8875
-14489 -38483
-56607 -69090
-161574 -168021
-174868 -159614
-148259 -468243
-64328 -372247
-124748 -446564
-103131 -406869
12148 -292321
-238394 -85462
-328850 -206363
-194930 -366945
-95119 -378125
-121142 -245328
-179809 -421886
-255095 -383670
-275874 -398530
-283272 -462941
-336268 -467125
-383586 -352353
-464603 -439436
-426157 -405234
-328842 -420505
-327289 -410718
-212103 -488145
-362889 -480569
-279488 -173232
-369206 -186713
-330070 -143062
-295116 -292910
-252035 -263171
-262075 -87672
-322338 -20825
-347041 -32810
-377820 -74830
-298014 17707
-347988 -21139
-401930 36142
-410547 100463
-411365 161617
-471231 138218
-450592 213654
-399151 246635
-421030 304664
-412078 208038
-417790 263205
-242437 311855
-224352 421981
-368633 349967
-446514 246148
-276191 166857
-154820 35119
-51676 199649
-17116 179853
212599 62137
30819 148372
51155 151953
67703 176242
78517 186939
14460 276450
-146021 76510
-180603 24035
-294042 148242
-191565 203989
-160985 325488
-236981 283201
44744 390879
270657 190231
257031 166193
458336 -85987
213957 -404253
196080 -422467
58038 -380613
61947 -412226
67445 -410336
-70133 -231134
-61083 -239363
-147561 -310224
6406 -172389
66997 -471091
-85568 -494586
-31892 -469224
-65744 -366468
-15151 -147139
-25717 -55755
-198140 189932
-278285 147625
-321431 32789
-333303 39222
-327674 62625
-392478 -42372
-235830 83468
-187866 90278
-101668 18337
-270468 -16637
-184316 -37054
-265152 95158
-119438 226191
-85558 471046
-24804 412088
-72509 293292
-400376 149137
-414593 67495
-284653 129720
22456 233448
137749 375612
235114 466394
108610 326259
-24543 358511
116165 171695
231823 102973
96157 100656
85518 62030
193889 133703
280908 272537
229432 83735
470693 -144988
193088 -301074
213386 -480367
325988 -468532
188350 -427901
183098 -278038
225021 -200298
215480 27426
319254 -172579
246708 -286647
64842 -412438
87763 -392218
163323 -257505
6508 -380178
141067 -334640
323845 -248197
373394 -260394
469854 -454840
439310 -327506
460311 -292278
359948 -361807
461352 -346620
403013 -376932
402681 -382692
147196 28350
273464 16994
263718 38751
221176 -79793
33149 279274
147346 413950
254637 396083
100511 320897
66243 461601
-47450 380223
-272539 444888
-219355 404088
-270983 404778
-89358 389619
-126042 458561
-20742 332066
-49116 397531
79237 483115
53298 459302
-73447 330918
-35328 358114
134362 376002
369221 281496
325789 315088
366901 412983
409501 452211
433220 490993
413130 455247
372842 449295
80042 273865
190005 470218
130438 458527
-79113 219671
-53033 175269
-172411 75303
-205451 94576
-238503 148033
-211110 200121
-134135 130145
-20818 15669
-82571 105436
-398629 325938
-462462 334161
-411343 440650
-385762 464226
-383199 407385
-417696 489342
-465724 419085
-341390 448739
-216992 477421
-225874 498526
-145848 472255
-225066 435474
-276067 412420
-188867 352907
-292761 -28488
-146781 64636
-161910 190912
-32839 108693
-79538 96696
96891 249552
102813 126281
-59052 114866
63767 193809
7627 98275
-69157 59012
48478 1454
114193 64443
424802 7284
394303 -13895
268405 -32722
197997 18180
478174 -268520
460102 -195951
457653 -226741
144315 22943
121204 23917
-17051 16529
-101806 76905
-286969 -25457
-347920 203070
-175698 315777
-204488 327408
-383413 -132815
-451957 -222232
-375943 -275384
-260068 -173295
16065 -242192
17265 -243404
116249 -254512
280918 -77492
246004 -70957
282588 -32998
261485 -50252
350737 -105458
440200 -29611
361220 43339
336259 81359
220949 -56649
198329 25076
55090 959
39209 4896
72359 -4095
154092 99400
-19103 233777
-112941 456574
-180742 441714
-84350 415471
295435 291202
198301 158577
294214 42755
257941 -65680
-85975 -98873
-160869 -127612
-143719 -366651
-188672 -395134
-196019 -375647
-311969 -481157
-305762 -478375
-187289 -324787
-8751 12800
-217347 -198172
-233035 -1824
129340 132005
52336 173044
381000 497869
336938 441969
324135 388236
169969 109666
175459 69654
215293 44277
308637 125581
-65233 356607
-45100 326571
-26587 316179
313119 429300
132420 275552
352834 5721
375168 202607
332390 243150
330815 224246
223182 374914
174021 394671
258667 333892
429394 453242
471102 459658
479468 487054
375517 327729
372073 314125
404790 421394
352022 373338
288255 349755
278868 421183
133106 308548
89571 278866
36011 478497
8561 332618
-76991 454380
35801 158892
100143 387836
89454 499592
162147 427801
154811 419749
105534 386818
-81633 453275
-177551 430019
-420532 273559
-450351 93389
-319661 162228
-416986 94611
-341588 20056
-329551 47706
-478211 -90788
-450975 -31504
-323157 15175
-336676 -121849
-302457 -133890
86730 194995
251800 231322
314143 177873
440256 270683
450049 302642
309673 414309
292899 469858
173513 380890
168710 290909
95400 -17198
79441 103170
36936 181514
-124334 315373
-339719 61569
-258186 22460
-220460 190546
-229407 132856
-185134 330093
-284082 262746
-281467 179770
-319690 483016
-267909 413404
-144793 225492
-31190 361872
-7077 382231
83251 392515
226309 227787
220612 297500
172253 342749
143042 434064
7983 320687
134698 168448
163615 209972
237722 188025
267205 307629
196794 359124
195019 368820
128004 309983
110038 305096
457595 389044
429611 264108
412350 319406
257650 276005
268116 275357
282799 325405
267639 421046
389579 400500
280112 460096
68457 180203
-30348 261683
41384 183560
-23604 237913
371256 -28382
265410 40000
193504 133283
235111 -190923
386085 -367862
496311 -129800
486775 -127785
386981 -55840
416150 41317
480412 223787
491671 370906
407828 256053
376394 319268
448898 383946
382277 352115
329515 294773
325034 301115
188296 309194
331519 481099
310734 449432
484305 451379
372668 369391
427915 280543
354599 339843
382806 470055
146029 320438
225721 177091
223445 12017
300921 -64316
313341 -106011
288640 -126719
386328 -36162
467021 37960
497682 26716
458586 -222808
493240 -205399
432514 -170304
441085 -118900
301824 65678
269416 129061
356901 97910
337200 106863
496420 211053
498922 103223
357329 -28598
227690 -89320
237476 -9135
283866 -59667
319042 -179027
251842 -247376
308268 -243839
330746 -194414
474508 53593
495820 102335
422007 236978
323891 222141
23113 217135
-76990 113203
192254 -107083
139659 -202168
98404 -182607
159073 -217970
179319 -331621
-52509 -371762
-61624 -271558
-61745 -302894
-36533 -147883
-52988 -166692
-98052 -122582
-73660 -58797
203883 -432604
307810 -380328
289059 -400460
362838 -401558
297787 -444991
462573 -55335
360623 -79113
330323 21708
373715 22467
368777 -134649
341035 -124067
357626 -183145
461713 -255245
478241 -287879
351293 -463324
495205 -204490
463535 -24400
494819 -158062
429398 -182584
476322 -195203
495858 -169831
449188 -235122
481185 -348805
445084 -317870
357064 -404756
317823 -233461
230697 -256180
299424 -199477
316493 -183310
392059 -109520
474324 -299493
416356 -236927
426258 -153380
333051 -255628
468078 -121423
434831 -242805
353011 -338051
264320 -188919
198682 -70599
400257 68375
491064 138431
487881 236604
425275 304437
287882 373798
190314 394166
229339 323041
235831 341964
63701 257177
-18302 179049
68418 180507
391680 125143
388507 105332
358648 209176
384679 254395
302993 216175
261101 170861
84672 174720
-23026 87127
118011 100500
112391 114403
155412 -11974
105454 -78577
130756 -132799
106266 -199290
-48494 -301822
-138694 -226804
-257872 -115824
-398388 -242072
-156879 -75528
-373073 25944
-297264 73257
-256527 172424
-368645 226882
-364589 211673
-293494 112271
-445783 8589
-326589 31214
-452150 -173422
-408077 -181179
-178407 18057
-380093 -347206
-223242 -251291
-114606 -218572
-255168 -272430
-189272 -450925
-357396 -311674
-212984 -305778
17496 -186710
-28532 -340569
-24685 -301990
104370 49816
80427 -76380
-34030 -110632
-292486 -231612
-163463 -289930
-53328 -230355
-228431 -190736
-202362 -457071
-216330 -436116
-83238 -325200
-46896 -417374
-137697 -239509
-117051 -145397
-210552 -177798
-224048 -218901
-183738 -252495
-49324 -257576
-109462 -223771
-256361 -249121
-137586 -154490
-257124 25410
-122839 -206333
-288678 -416069
-259728 -292985
-287153 -333391
-292750 -346524
-385109 -476315
-242060 -443786
-321418 -392324
-285376 -331260
-444271 -344352
-409890 -260210
-376420 -292498
-488999 -367534
-474251 -327389
-467135 -233743
-343429 -369840
-407379 -440403
-429474 -190256
-366934 -218459
-341245 -253273
-309931 -120424
4377 178487
199694 -67678
385209 -221349
380230 -192972
266796 -183969
331607 -127630
275124 -224221
271169 -238329
281072 -214828
211047 -157057
97685 -227827
-103330 -5722
-241746 108622
-167611 175705
-171386 175201
-257939 207024
-132649 98882
-155099 95503
-126016 139647
-229910 -190039
-206054 -351082
-220198 -290376
-52196 -441869
123286 -441989
140287 -483100
241669 -349839
282051 -281765
-3910 -96673
239247 -398045
200628 -347697
188229 -340922
98130 -422784
-36775 -327332
49095 -460356
191166 -469955
225751 -387807
449022 -227021
380694 -313239
444801 -353145
245719 -490775
92471 -444570
-25619 -421983
15054 -457437
-367634 -403703
-444312 -482990
-223976 -355185
-211593 -152775
-84762 -118940
-260309 -206663
-20076 64885
-46117 56924
-29528 -5813
-31123 -16642
-104717 -83027
-89029 -164608
-142695 -204158
-324007 -229424
-443429 -441507
-473025 -387870
-463851 -309538
-373391 -462441
-431744 -470697
-489138 -474683
-485583 -478961
-470877 -449297
-472864 -380445
-339827 -271177
-382188 -219147
-480126 -188741
-472576 -328664
-473190 -340298
-429693 -280789
-445249 -254236
-499042 -445107
-457344 -450831
-429605 -365066
-336321 -474618
-377843 -461840
-487398 -316946
-126799 -433061
-79690 -473592
62457 -390127
135630 -360212
174843 -310496
264579 -375406
280140 -365865
334953 -356127
228720 -165538
194092 -175721
343059 -165508
390229 -254838
410822 -232628
360441 -229318
378231 -433757
392701 -353622
424693 -412355
340597 -410698
261431 -412661
354218 -282889
430985 -388967
348322 -458343
461998 -471025
398216 -492303
189629 -273160
290934 -181185
442463 -233532
480332 -301585
428985 -238970
481001 -227933
343793 -318370
348897 -347183
288347 -336888
222998 -228343
172815 -155552
264756 -109993
246945 -98542
117769 -149675
-42127 -264230
-40371 -315637
-73494 -386210
-135209 -482184
-102867 -301680
-187162 -185427
-213475 -236880
-276695 -198644
-196369 -59645
-218498 -77308
-159086 -24013
-117017 10141
180244 191314
282778 465713
132832 30774
215558 -114916
322501 26742
83804 145773
88382 188457
143629 196070
221284 258503
358941 388885
436589 289306
447692 368217
242963 158571
304144 158726
396758 191116
429519 161005
437909 186363
342568 203303
256066 255800
185500 440797
267074 387061
494332 190657
403813 3078
460162 57820
401390 76815
356146 276627
348122 322900
343612 495303
242600 478694
252320 490304
452684 214191
477975 150449
311147 192442
315587 140979
275328 67627
426986 198761
419711 343445
430508 481952
497956 454945
447140 376456
411718 422396
398286 354576
463326 476820
34355 478708
9241 499793
56390 449864
134093 491842
130005 411140
118412 491356
10774 406659
-15361 379957
-67906 273999
-208676 236255
-241322 275445
-220084 349027
-132883 397551
-88215 461016
-90780 464105
-79697 483887
-182365 407747
-85337 213090
-16610 116734
-81300 271756
-141949 391996
-152888 479239
-267361 493743
-1158 212248
126145 358445
-43302 291744
-123702 225135
-34215 214974
-28340 278507
24110 217991
26380 206410
10468 36882
220986 -69261
182379 -115940
289340 -157196
388063 107442
379375 142460
138237 173818
180014 211297
143008 178650
280204 57780
225749 189548
269671 84104
375862 37131
280153 258752
284768 118518
231114 105505
134442 179590
211677 297332
20659 282614
92597 375357
20068 262063
12857 180066
-187996 11865
-228463 11382
-257066 102984
-362271 -1053
-457669 93739
-305551 -58120
-411635 136939
-495377 248490
-408137 279518
-196802 332850
-340812 309880
-335446 417585
-304674 417134
-403646 364641
-386149 348025
-386826 373155
-482391 421174
-252479 172480
-5360 -43289
-82087 6825
-125935 13618
-184284 -51957
-208737 -34008
-326945 31915
-331334 142866
-448308 110596
-83569 453259
-212825 469569
-215487 494199
65542 195489
-138142 207530
-243995 271663
-491253 455353
-493586 467090
-440078 264596
-448998 174726
-366069 -146475
-370441 93635
-127016 -30142
-64453 48433
-167285 -123554
-178245 -292127
-151216 -236234
-88449 -186805
-139230 -128226
10389 -17142
-40554 -126174
172922 -354046
237140 -172246
278797 -368999
302168 -469996
466954 -458702
371613 -383493
487651 -339371
489835 -375492
397660 -283791
291788 -292732
237125 -260189
36081 -251935
-159473 -335565
50565 -344349
-88537 -257114
8210 -340623
76326 -468429
122050 -431260
108515 -468775
96825 -410313
-4590 -480364
-7046 -490853
25784 -472817
102502 -464972
405910 -308279
450286 -217026
404113 -199943
18953 -9406
41263 83709
10854 102722
-159448 -45420
129774 -58624
256089 -42121
251156 -54632
249638 -159995
206769 -206308
82745 -84343
128076 -73957
306088 100383
438414 136301
179733 -68137
63368 -122510
89916 -15015
153547 96415
7425 -133934
-74349 -88757
-85409 -267748
-184435 -276982
-270918 -384933
-421398 -410625
-427234 -339240
-499263 -432468
-463785 -168319
-425145 -236121
-383544 -111932
-306451 -194806
-301373 -295928
-444762 -463148
-278163 -461912
-256601 -427081
-417838 -247100
-480668 -305527
-399724 -263874
-369719 -378132
-142284 -67582
-40504 -169634
-12202 -220806
-2600 -263685
-249452 -89852
-263306 57944
-330292 43932
-433379 -15364
-279871 -302201
-86061 -352487
-55403 -290880
-139908 -136826
-143312 -154988
-215397 -237221
-182521 -322651
-18096 -368399
-64453 -442796
-108721 -361807
-203721 -326507
-190824 -312514
-96771 -405648
-54562 -390622
15206 -404595
87070 -251172
-28033 -190785
-148506 -223465
-122859 -225754
-12516 -296015
-80510 -316599
187774 -304135
109450 -250127
72944 -321491
126990 -323523
156388 -236302
250142 -85806
108766 93452
194739 -11140
-63827 -28409
7784 -113417
38018 -48534
-89290 -72015
-257441 -44805
-364439 -108490
-333074 26901
-425802 -13073
-485138 -175368
-426715 -104903
-473918 -168655
-464285 -133774
-422718 -78521
-423062 -282808
-371887 -378542
-344982 -305402
-442562 -374049
-450514 -420423
-492723 -476457
-443010 -416777
-326349 -332890
-352543 -331364
-248680 -89268
-111882 -174632
-38790 -182051
-13158 -348467
-204618 -107646
-262560 -187909
-133073 -371928
-156270 -429327
-189681 -472306
-164832 -414631
-156638 -415663
-24993 -347080
-42758 -449390
482697 -133866
463297 1883
427646 -103426
336633 -85773
257411 -26228
409983 -188346
450768 -93327
369610 -81702
302042 -20671
192522 -36887
283161 -146985
201139 -147492
233611 -101419
149747 -48228
60963 12380
47007 -6825
40498 115333
-55599 205051
10897 187013
9375 138043
85112 305622
256709 349623
307140 284175
251848 497395
120179 422694
71363 415006
13322 401488
136219 300115
-37088 299025
-25506 325515
149160 163919
455227 -114555
486346 -192312
468249 -337151
480748 -332190
466592 -358318
333004 -202445
121013 -122795
238099 -139470
294349 -64780
257683 -131712
377392 19161
423970 -7761
378741 -70032
450839 -409892
343614 -461241
366603 -242689
379303 -366590
379968 -398919
392177 -496433
366600 -435219
467859 -317620
327454 -232948
433716 -117456
235929 251992
18702 223813
-57837 195108
19461 359117
6601 366821
28195 365842
253157 131335
192939 65169
226512 121951
266691 115639
83092 253671
208173 254395
413870 46341
430640 -53875
343980 27447
349179 -33375
98724 -178006
-50243 -126586
-88007 183092
-105959 205199
-85013 300586
-239811 413528
-161104 439597
-252381 370105
-249408 384096
-26388 166617
145431 18165
25094 119223
-4316 85846
84618 193644
79269 215944
71092 106999
150550 120526
244071 223793
219297 185839
197439 125440
167010 103493
181919 139356
187680 212299
247385 217517
100212 281212
71226 290130
-32792 427802
-64355 437183
-155791 353037
-321227 119525
-350712 44012
-438487 134468
-291268 57913
-485101 337334
-442587 305142
-406070 208456
-271133 256751
-398201 223825
-481621 70989
-446032 -40880
-355587 -97278
-249166 -1366
-203353 43782
-161352 36345
-96387 -67412
-244445 -51132
-220260 -123092
-389892 -158702
-416428 -40945
-419724 -40238
-379948 -104570
-363087 -24943
-314301 -108620
-265221 -103117
-221758 -63442
-482270 -143655
-324543 -296477
-383835 -181596
-173842 -434368
-77895 -385124
-101678 -446293
-245375 -416886
-235034 -359113
-284083 -469325
-230018 -447904
-202698 -460801
-347272 -413916
-338761 -434572
-253762 -322938
-368320 -494754
-314664 -467561
-342955 -330518
148205 80907
198224 -138904
222694 -229612
297174 -110581
247074 -181839
29557 -285497
162077 -335721
124121 -300668
88853 -231617
129355 -69211
-131793 -26324
-414592 144371
-392725 49593
-454031 -11659
-391137 49544
-361998 -37690
-433929 38653
-438996 -1708
-360931 -111850
-336247 -87325
-299424 -43268
-274824 -20423
-99411 210641
-37278 219527
-187044 422312
-103056 414898
-290565 396081
-402424 379790
-486737 418753
-398517 431780
-283662 167536
-419477 36951
-170236 24439
-180327 20911
-185860 61738
-298993 219489
-369840 403309
-346713 385069
-258172 288211
-8662 154958
298210 245235
140622 160548
-179010 -233019
-135094 -210806
-135742 -153048
-147529 -147224
-337204 -431606
-458397 -459603
-463040 -381046
-374379 -458028
-322107 -488131
-388409 -474148
-491849 -381114
-426729 -477296
-400309 -421688
-307551 -343480
-313601 -298267
-460920 -446864
-415384 -472090
-205375 -487170
-40765 -336378
-44290 -96422
-58397 4777
-143591 118356
-116610 204757
-234103 154689
-214634 257942
-365814 162641
-151161 89804
-223142 162644
-229493 29102
-281943 144708
-363934 152807
-173961 47408
-185543 213755
-43189 258270
-165949 413683
-243586 447593
-22163 399424
-27770 271089
193548 412418
419756 474845
412929 255042
485038 386032
320997 108371
469380 209055
312455 260627
417026 287335
229802 158383
172799 58130
118713 236086
190220 475631
347953 349538
472817 476634
305219 463373
366134 436604
261625 281809
430306 227668
462179 305100
471536 464297
498561 426913
478078 319238
420553 456956
430253 482968
450679 487698
441577 351527
343989 248349
419928 443595
462067 397766
431228 381460
363847 421720
497052 198457
468776 110622
365367 10626
319266 153035
-72934 -243698
10152 -309303
-91079 -406318
-228236 -227109
-356105 -55246
-315771 26617
-123210 259210
-112141 182490
-60711 479278
-224290 196526
-324861 274809
-149011 490740
-170500 499199
-170483 416712
-145531 357583
91292 230359
96231 223317
178199 151241
222046 -7444
233230 -65506
340890 -159325
318840 -139629
390746 -227420
115796 -235115
99665 -246957
8783 -315270
-84150 -284253
-26200 -302636
10294 -325357
-51203 -417580
123405 -459716
130732 -426059
184538 -349949
414558 -336820
366294 -431957
267596 -450856
214763 -403755
394895 -197000
487100 -326520
424292 -344560
375324 -381569
467752 -377524
435632 -416939
404373 -458793
390808 -357186
394722 -294660
439620 -307833
456848 -364077
493883 -245920
483505 -273378
423645 -237462
396669 -480580
366911 -240114
460628 -425108
435216 -362851
308953 -358160
52805 -190574
35636 -371781
8461 -354710
-1183 -362636
-21047 -335447
-92424 -307698
-132831 -309395
-215006 -346476
-286457 -205873
-238582 -187179
-227331 -210916
-355233 -177947
-491734 -383185
-428579 -279914
-441769 -226592
-499981 -112433
-408553 34132
-387972 119886
-261166 253401
-400278 162604
-402174 157360
-212735 457545
-279167 422933
-239899 370595
-355689 364384
-301373 446950
-346808 481597
-376289 482713
-457646 440828
-419076 357326
-449345 325699
-389117 299175
-293356 189397
-287553 217309
-283113 239927
-285856 488434
-406756 420459
-358400 386094
-453587 474369
-481971 455070
-316819 311253
-272052 223319
-341231 284599
-336546 219143
-488036 302439
-449808 293183
-434297 112241
-475359 92391
-397411 61726
-308927 87404
-424300 871
-115453 -150408
64240 70159
245159 209038
249625 189266
195440 173739
359240 293170
414717 250414
279842 342282
311011 352812
303887 340558
384086 296945
349074 227995
427326 296605
128760 145491
106459 146596
-9915 226626
-2249 245730
-99614 252213
-159458 255150
-2151 341720
37065 376811
76503 301460
87207 433790
137489 334319
131884 403760
81550 463442
48204 480117
-192221 477274
-496522 105254
-441509 236984
-341351 345554
-229163 295466
-393914 227174
-304263 213918
-117217 -102371
103116 -283092
118059 -399435
118275 -412067
118261 -439897
240004 -486806
461165 -485083
335002 -245609
-83514 -36714
-245612 -103238
-412124 -56709
-383181 -94022
-258275 26432
-287360 -20044
-388264 4165
-245863 -40025
-259210 102336
-369092 124549
-488513 6270
-430234 -8339
-414308 -231051
-342302 -153205
-467471 9134
-493311 12095
-446309 72064
-320090 116012
-274957 130943
-386782 213850
-372031 105747
-312252 176692
-325798 313853
-287758 227183
-358522 250612
-465386 408707
-430168 294698
-429256 346554
-387922 227333
-389935 201512
-321975 379913
-294596 283037
-321069 295926
-283417 333378
-347058 417197
-282012 370675
-300761 487893
-392714 450753
-399613 473159
-458920 417692
-439335 396842
-334207 414692
-323021 356832
-210638 262461
-353921 453753
-478067 353592
-415404 204789
-272572 352024
-238083 299855
-184603 256757
-191227 281829
-97266 -72219
-41060 -38422
29997 -228026
112596 -60831
54473 -196214
-89000 -91471
-223445 -152377
-202049 -18602
-273251 -37476
-355804 -265421
-161262 -197894
-346262 9201
-313144 -45772
-243178 -150879
-292726 -88896
-435500 -183929
-428970 -155166
-414550 -156088
-456319 -139264
-406609 -125775
-391011 -268410
-443073 -149052
-420131 -246773
-364184 -460245
-382433 -382240
-355031 -408478
-344426 -470075
-192676 -346701
-106839 -395495
-70075 -408776
-111150 -410773
-8213 -311472
-210817 -17432
-210202 -81375
-143532 -52461
-113918 17781
-265773 -191666
-280548 -308839
-303474 -287177
-284093 -278047
-53285 -249822
5036 -304339
106740 -308574
130435 -341752
157274 -304455
56184 -327360
-29933 -215151
-81482 -321273
11557 -237446
222384 -193692
-122066 -209888
46027 -387966
32335 -332810
116508 -302291
113633 -296387
123337 -374877
191897 -292538
122373 -217788
346499 -229617
480406 -316634
396805 -259682
497580 -491091
463326 -384152
343055 -478359
455114 -445914
479371 -428093
371868 -275714
352627 -135894
392901 -125181
351899 -185782
394572 -261883
468534 -159360
404552 -94289
347058 -80247
335739 -73489
367660 -128354
319927 -140468
242078 -248865
157099 -230530
-50170 -411376
65276 -434866
20813 -482506
61019 -484838
328044 -475279
59446 -382222
52493 -384376
91655 -271180
282719 -64072
300351 -52377
135547 -8090
92211 138617
153271 279237
157600 300304
96322 292417
93525 446269
191478 314038
66772 449622
51530 420206
82751 473454
-45488 390984
49084 320192
100388 334459
228726 482843
265794 396323
392760 494948
404914 367936
331396 372049
434873 386276
454328 402448
487447 413050
416726 407726
46637 477193
-25987 434405
-130122 327919
-448570 440951
-370065 434524
-379882 353039
-257910 252175
-245047 161944
-158193 32527
-192394 116858
-254685 19615
-234124 213107
-106879 342589
-201962 375360
-150260 374008
-60644 480390
-55837 493403
-144916 452111
-303730 461716
-343535 407466
-486656 492145
-187707 111284
-358049 152303
-203544 -118996
-195038 -151665
-41856 -153614
57619 -98675
49399 -125637
125128 -27462
-58884 -888
-4818 -35477
100486 56476
113167 128637
-2839 78521
-14749 32916
-6638 108040
-207827 -166462
-176383 -268624
-256385 -256627
-354124 -203337
-432225 90998
-496506 66427
-451043 121753
-483427 81625
-496071 27428
-485602 37570
-466329 51272
-393315 89231
-408023 57520
-222573 70490
-313336 134192
-375546 198440
-120115 407000
-117374 378896
119003 456807
102290 320951
137056 263437
223417 161613
346303 258247
341197 244354
320805 167824
348097 161084
419503 190218
325954 199174
382246 135119
