# distance=603
-3 2
-5 4
-7 5
-9 6
-8 6
-10 7
-10 7
-13 9
-14 14
-14 11
-11 8
-14 17
-13 19
-12 22
-12 25
-11 28
-10 30
-10 33
-9 37
-7 41
-5 46
-3 50
0 54
3 57
7 59
10 62
12 64
13 66
14 67
16 67
18 68
19 68
20 67
22 67
23 66
25 64
28 63
32 63
37 64
41 64
44 64
48 64
53 63
59 63
64 63
70 62
76 62
89 62
95 61
113 59
118 59
123 59
135 60
148 59
164 55
166 54
169 53
174 48
176 45
178 43
181 42
182 43
182 44
182 44
182 44
182 45
181 47
179 48
177 50
176 51
175 51
175 52
174 53
172 51
172 53
171 54
170 55
170 57
171 59
173 61
179 64
190 70
194 72
201 75
205 77
208 80
210 84
211 88
212 93
216 102
217 120
216 126
216 132
221 155
220 166
221 161
220 150
219 145
217 139
217 114
217 108
214 97
187 68
184 66
182 65
176 64
174 63
161 57
157 58
152 58
144 59
140 59
129 60
108 60
102 60
83 62
